Orthogroup	CRCR_fixednames	CRFI_fixednames	Total
OG0000000	14	24	38
OG0000001	10	24	34
OG0000002	23	5	28
OG0000003	24	3	27
OG0000004	1	23	24
OG0000005	4	20	24
OG0000006	22	1	23
OG0000007	5	17	22
OG0000008	17	5	22
OG0000009	1	19	20
OG0000010	0	20	20
OG0000011	17	2	19
OG0000012	18	1	19
OG0000013	1	17	18
OG0000014	17	1	18
OG0000015	16	2	18
OG0000016	0	18	18
OG0000017	17	0	17
OG0000018	13	4	17
OG0000019	17	0	17
OG0000020	16	0	16
OG0000021	15	1	16
OG0000022	13	2	15
OG0000023	4	11	15
OG0000024	14	1	15
OG0000025	14	1	15
OG0000026	3	12	15
OG0000027	14	1	15
OG0000028	11	3	14
OG0000029	8	6	14
OG0000030	10	4	14
OG0000031	6	8	14
OG0000032	4	10	14
OG0000033	1	13	14
OG0000034	1	13	14
OG0000035	0	14	14
OG0000036	11	2	13
OG0000037	3	10	13
OG0000038	5	8	13
OG0000039	11	2	13
OG0000040	2	11	13
OG0000041	13	0	13
OG0000042	11	2	13
OG0000043	13	0	13
OG0000044	4	9	13
OG0000045	6	7	13
OG0000046	11	2	13
OG0000047	13	0	13
OG0000048	4	9	13
OG0000049	12	1	13
OG0000050	1	12	13
OG0000051	4	9	13
OG0000052	12	1	13
OG0000053	11	1	12
OG0000054	12	0	12
OG0000055	12	0	12
OG0000056	9	3	12
OG0000057	2	10	12
OG0000058	2	10	12
OG0000059	4	8	12
OG0000060	10	2	12
OG0000061	1	11	12
OG0000062	1	11	12
OG0000063	3	9	12
OG0000064	10	2	12
OG0000065	2	10	12
OG0000066	10	2	12
OG0000067	9	2	11
OG0000068	7	4	11
OG0000069	10	1	11
OG0000070	10	1	11
OG0000071	11	0	11
OG0000072	1	10	11
OG0000073	3	8	11
OG0000074	4	7	11
OG0000075	9	2	11
OG0000076	10	1	11
OG0000077	7	4	11
OG0000078	10	1	11
OG0000079	3	8	11
OG0000080	10	1	11
OG0000081	11	0	11
OG0000082	11	0	11
OG0000083	4	7	11
OG0000084	8	3	11
OG0000085	1	10	11
OG0000086	3	8	11
OG0000087	9	2	11
OG0000088	2	9	11
OG0000089	2	9	11
OG0000090	11	0	11
OG0000091	9	2	11
OG0000092	2	9	11
OG0000093	1	10	11
OG0000094	0	11	11
OG0000095	6	4	10
OG0000096	8	2	10
OG0000097	9	1	10
OG0000098	10	0	10
OG0000099	9	1	10
OG0000100	4	6	10
OG0000101	9	1	10
OG0000102	9	1	10
OG0000103	7	3	10
OG0000104	2	8	10
OG0000105	8	2	10
OG0000106	1	9	10
OG0000107	4	6	10
OG0000108	1	9	10
OG0000109	9	1	10
OG0000110	4	6	10
OG0000111	6	4	10
OG0000112	6	4	10
OG0000113	6	4	10
OG0000114	7	3	10
OG0000115	1	9	10
OG0000116	3	7	10
OG0000117	10	0	10
OG0000118	2	8	10
OG0000119	2	8	10
OG0000120	9	1	10
OG0000121	4	6	10
OG0000122	4	6	10
OG0000123	6	4	10
OG0000124	8	2	10
OG0000125	1	9	10
OG0000126	4	6	10
OG0000127	10	0	10
OG0000128	8	2	10
OG0000129	6	4	10
OG0000130	8	2	10
OG0000131	1	9	10
OG0000132	5	5	10
OG0000133	8	2	10
OG0000134	7	3	10
OG0000135	8	2	10
OG0000136	6	4	10
OG0000137	3	7	10
OG0000138	4	6	10
OG0000139	5	5	10
OG0000140	1	9	10
OG0000141	0	10	10
OG0000142	0	10	10
OG0000143	0	10	10
OG0000144	7	2	9
OG0000145	8	1	9
OG0000146	8	1	9
OG0000147	1	8	9
OG0000148	8	1	9
OG0000149	8	1	9
OG0000150	8	1	9
OG0000151	8	1	9
OG0000152	7	2	9
OG0000153	4	5	9
OG0000154	3	6	9
OG0000155	8	1	9
OG0000156	9	0	9
OG0000157	3	6	9
OG0000158	8	1	9
OG0000159	3	6	9
OG0000160	1	8	9
OG0000161	7	2	9
OG0000162	9	0	9
OG0000163	3	6	9
OG0000164	6	3	9
OG0000165	4	5	9
OG0000166	5	4	9
OG0000167	4	5	9
OG0000168	2	7	9
OG0000169	6	3	9
OG0000170	7	2	9
OG0000171	5	4	9
OG0000172	4	5	9
OG0000173	3	6	9
OG0000174	5	4	9
OG0000175	8	1	9
OG0000176	9	0	9
OG0000177	5	4	9
OG0000178	7	2	9
OG0000179	8	1	9
OG0000180	9	0	9
OG0000181	1	8	9
OG0000182	3	6	9
OG0000183	5	4	9
OG0000184	8	1	9
OG0000185	6	3	9
OG0000186	6	3	9
OG0000187	8	1	9
OG0000188	7	2	9
OG0000189	7	2	9
OG0000190	5	4	9
OG0000191	8	1	9
OG0000192	8	1	9
OG0000193	3	6	9
OG0000194	3	6	9
OG0000195	9	0	9
OG0000196	8	1	9
OG0000197	8	1	9
OG0000198	6	3	9
OG0000199	4	5	9
OG0000200	6	3	9
OG0000201	7	2	9
OG0000202	9	0	9
OG0000203	6	3	9
OG0000204	7	2	9
OG0000205	8	1	9
OG0000206	8	1	9
OG0000207	4	5	9
OG0000208	6	3	9
OG0000209	2	7	9
OG0000210	9	0	9
OG0000211	9	0	9
OG0000212	8	1	9
OG0000213	2	7	9
OG0000214	8	1	9
OG0000215	2	7	9
OG0000216	4	5	9
OG0000217	1	8	9
OG0000218	3	6	9
OG0000219	1	8	9
OG0000220	5	4	9
OG0000221	1	8	9
OG0000222	1	8	9
OG0000223	5	4	9
OG0000224	8	1	9
OG0000225	2	7	9
OG0000226	6	3	9
OG0000227	2	7	9
OG0000228	1	8	9
OG0000229	2	7	9
OG0000230	0	9	9
OG0000231	0	9	9
OG0000232	6	2	8
OG0000233	7	1	8
OG0000234	4	4	8
OG0000235	6	2	8
OG0000236	6	2	8
OG0000237	8	0	8
OG0000238	5	3	8
OG0000239	5	3	8
OG0000240	1	7	8
OG0000241	3	5	8
OG0000242	6	2	8
OG0000243	7	1	8
OG0000244	3	5	8
OG0000245	1	7	8
OG0000246	6	2	8
OG0000247	3	5	8
OG0000248	7	1	8
OG0000249	6	2	8
OG0000250	4	4	8
OG0000251	7	1	8
OG0000252	6	2	8
OG0000253	7	1	8
OG0000254	1	7	8
OG0000255	6	2	8
OG0000256	4	4	8
OG0000257	4	4	8
OG0000258	6	2	8
OG0000259	6	2	8
OG0000260	2	6	8
OG0000261	7	1	8
OG0000262	7	1	8
OG0000263	4	4	8
OG0000264	6	2	8
OG0000265	4	4	8
OG0000266	1	7	8
OG0000267	4	4	8
OG0000268	7	1	8
OG0000269	8	0	8
OG0000270	8	0	8
OG0000271	2	6	8
OG0000272	4	4	8
OG0000273	8	0	8
OG0000274	2	6	8
OG0000275	4	4	8
OG0000276	4	4	8
OG0000277	1	7	8
OG0000278	7	1	8
OG0000279	6	2	8
OG0000280	7	1	8
OG0000281	2	6	8
OG0000282	4	4	8
OG0000283	6	2	8
OG0000284	2	6	8
OG0000285	3	5	8
OG0000286	1	7	8
OG0000287	6	2	8
OG0000288	3	5	8
OG0000289	8	0	8
OG0000290	3	5	8
OG0000291	6	2	8
OG0000292	4	4	8
OG0000293	5	3	8
OG0000294	1	7	8
OG0000295	4	4	8
OG0000296	4	4	8
OG0000297	4	4	8
OG0000298	7	1	8
OG0000299	2	6	8
OG0000300	6	2	8
OG0000301	6	2	8
OG0000302	8	0	8
OG0000303	4	4	8
OG0000304	1	7	8
OG0000305	4	4	8
OG0000306	4	4	8
OG0000307	4	4	8
OG0000308	4	4	8
OG0000309	2	6	8
OG0000310	6	2	8
OG0000311	1	7	8
OG0000312	6	2	8
OG0000313	2	6	8
OG0000314	3	5	8
OG0000315	4	4	8
OG0000316	6	2	8
OG0000317	7	1	8
OG0000318	6	2	8
OG0000319	6	2	8
OG0000320	6	2	8
OG0000321	4	4	8
OG0000322	7	1	8
OG0000323	5	3	8
OG0000324	7	1	8
OG0000325	8	0	8
OG0000326	1	7	8
OG0000327	1	7	8
OG0000328	7	1	8
OG0000329	2	6	8
OG0000330	2	6	8
OG0000331	7	1	8
OG0000332	4	4	8
OG0000333	6	2	8
OG0000334	5	3	8
OG0000335	6	2	8
OG0000336	5	3	8
OG0000337	1	7	8
OG0000338	7	1	8
OG0000339	3	5	8
OG0000340	7	1	8
OG0000341	6	2	8
OG0000342	3	5	8
OG0000343	4	4	8
OG0000344	5	3	8
OG0000345	1	7	8
OG0000346	7	1	8
OG0000347	1	7	8
OG0000348	7	1	8
OG0000349	1	7	8
OG0000350	1	7	8
OG0000351	1	7	8
OG0000352	3	5	8
OG0000353	7	1	8
OG0000354	2	6	8
OG0000355	1	7	8
OG0000356	1	7	8
OG0000357	2	6	8
OG0000358	0	8	8
OG0000359	0	8	8
OG0000360	0	8	8
OG0000361	0	8	8
OG0000362	0	8	8
OG0000363	0	8	8
OG0000364	0	8	8
OG0000365	0	8	8
OG0000366	0	8	8
OG0000367	0	8	8
OG0000368	0	8	8
OG0000369	0	8	8
OG0000370	0	8	8
OG0000371	0	8	8
OG0000372	4	3	7
OG0000373	6	1	7
OG0000374	6	1	7
OG0000375	4	3	7
OG0000376	6	1	7
OG0000377	6	1	7
OG0000378	7	0	7
OG0000379	7	0	7
OG0000380	5	2	7
OG0000381	6	1	7
OG0000382	5	2	7
OG0000383	6	1	7
OG0000384	5	2	7
OG0000385	5	2	7
OG0000386	2	5	7
OG0000387	1	6	7
OG0000388	4	3	7
OG0000389	4	3	7
OG0000390	3	4	7
OG0000391	4	3	7
OG0000392	1	6	7
OG0000393	3	4	7
OG0000394	7	0	7
OG0000395	6	1	7
OG0000396	4	3	7
OG0000397	1	6	7
OG0000398	1	6	7
OG0000399	5	2	7
OG0000400	5	2	7
OG0000401	7	0	7
OG0000402	1	6	7
OG0000403	1	6	7
OG0000404	6	1	7
OG0000405	6	1	7
OG0000406	6	1	7
OG0000407	6	1	7
OG0000408	6	1	7
OG0000409	5	2	7
OG0000410	6	1	7
OG0000411	6	1	7
OG0000412	7	0	7
OG0000413	1	6	7
OG0000414	5	2	7
OG0000415	5	2	7
OG0000416	7	0	7
OG0000417	5	2	7
OG0000418	4	3	7
OG0000419	1	6	7
OG0000420	2	5	7
OG0000421	1	6	7
OG0000422	4	3	7
OG0000423	6	1	7
OG0000424	2	5	7
OG0000425	2	5	7
OG0000426	4	3	7
OG0000427	1	6	7
OG0000428	4	3	7
OG0000429	7	0	7
OG0000430	5	2	7
OG0000431	5	2	7
OG0000432	3	4	7
OG0000433	1	6	7
OG0000434	6	1	7
OG0000435	3	4	7
OG0000436	5	2	7
OG0000437	7	0	7
OG0000438	6	1	7
OG0000439	4	3	7
OG0000440	7	0	7
OG0000441	6	1	7
OG0000442	3	4	7
OG0000443	7	0	7
OG0000444	2	5	7
OG0000445	6	1	7
OG0000446	4	3	7
OG0000447	6	1	7
OG0000448	7	0	7
OG0000449	6	1	7
OG0000450	1	6	7
OG0000451	3	4	7
OG0000452	6	1	7
OG0000453	3	4	7
OG0000454	1	6	7
OG0000455	1	6	7
OG0000456	1	6	7
OG0000457	5	2	7
OG0000458	6	1	7
OG0000459	5	2	7
OG0000460	3	4	7
OG0000461	5	2	7
OG0000462	7	0	7
OG0000463	3	4	7
OG0000464	6	1	7
OG0000465	3	4	7
OG0000466	6	1	7
OG0000467	1	6	7
OG0000468	6	1	7
OG0000469	2	5	7
OG0000470	2	5	7
OG0000471	3	4	7
OG0000472	7	0	7
OG0000473	5	2	7
OG0000474	3	4	7
OG0000475	2	5	7
OG0000476	3	4	7
OG0000477	3	4	7
OG0000478	2	5	7
OG0000479	4	3	7
OG0000480	1	6	7
OG0000481	6	1	7
OG0000482	4	3	7
OG0000483	2	5	7
OG0000484	5	2	7
OG0000485	5	2	7
OG0000486	3	4	7
OG0000487	6	1	7
OG0000488	1	6	7
OG0000489	6	1	7
OG0000490	2	5	7
OG0000491	1	6	7
OG0000492	6	1	7
OG0000493	4	3	7
OG0000494	6	1	7
OG0000495	4	3	7
OG0000496	4	3	7
OG0000497	5	2	7
OG0000498	4	3	7
OG0000499	5	2	7
OG0000500	2	5	7
OG0000501	5	2	7
OG0000502	6	1	7
OG0000503	2	5	7
OG0000504	2	5	7
OG0000505	6	1	7
OG0000506	6	1	7
OG0000507	3	4	7
OG0000508	1	6	7
OG0000509	6	1	7
OG0000510	3	4	7
OG0000511	6	1	7
OG0000512	4	3	7
OG0000513	1	6	7
OG0000514	3	4	7
OG0000515	5	2	7
OG0000516	5	2	7
OG0000517	1	6	7
OG0000518	7	0	7
OG0000519	4	3	7
OG0000520	6	1	7
OG0000521	6	1	7
OG0000522	3	4	7
OG0000523	1	6	7
OG0000524	2	5	7
OG0000525	5	2	7
OG0000526	2	5	7
OG0000527	5	2	7
OG0000528	6	1	7
OG0000529	1	6	7
OG0000530	5	2	7
OG0000531	4	3	7
OG0000532	6	1	7
OG0000533	7	0	7
OG0000534	1	6	7
OG0000535	3	4	7
OG0000536	5	2	7
OG0000537	7	0	7
OG0000538	1	6	7
OG0000539	3	4	7
OG0000540	6	1	7
OG0000541	5	2	7
OG0000542	3	4	7
OG0000543	6	1	7
OG0000544	3	4	7
OG0000545	3	4	7
OG0000546	7	0	7
OG0000547	4	3	7
OG0000548	6	1	7
OG0000549	2	5	7
OG0000550	4	3	7
OG0000551	6	1	7
OG0000552	5	2	7
OG0000553	5	2	7
OG0000554	6	1	7
OG0000555	2	5	7
OG0000556	6	1	7
OG0000557	5	2	7
OG0000558	7	0	7
OG0000559	2	5	7
OG0000560	2	5	7
OG0000561	3	4	7
OG0000562	3	4	7
OG0000563	5	2	7
OG0000564	1	6	7
OG0000565	3	4	7
OG0000566	2	5	7
OG0000567	6	1	7
OG0000568	5	2	7
OG0000569	3	4	7
OG0000570	2	5	7
OG0000571	6	1	7
OG0000572	5	2	7
OG0000573	5	2	7
OG0000574	7	0	7
OG0000575	6	1	7
OG0000576	5	2	7
OG0000577	6	1	7
OG0000578	4	3	7
OG0000579	1	6	7
OG0000580	3	4	7
OG0000581	2	5	7
OG0000582	2	5	7
OG0000583	6	1	7
OG0000584	4	3	7
OG0000585	2	5	7
OG0000586	7	0	7
OG0000587	4	3	7
OG0000588	2	5	7
OG0000589	7	0	7
OG0000590	6	1	7
OG0000591	3	4	7
OG0000592	3	4	7
OG0000593	6	1	7
OG0000594	3	4	7
OG0000595	3	4	7
OG0000596	2	5	7
OG0000597	7	0	7
OG0000598	5	2	7
OG0000599	4	3	7
OG0000600	2	5	7
OG0000601	5	2	7
OG0000602	6	1	7
OG0000603	1	6	7
OG0000604	7	0	7
OG0000605	6	1	7
OG0000606	3	4	7
OG0000607	6	1	7
OG0000608	4	3	7
OG0000609	2	5	7
OG0000610	1	6	7
OG0000611	1	6	7
OG0000612	1	6	7
OG0000613	0	7	7
OG0000614	0	7	7
OG0000615	0	7	7
OG0000616	0	7	7
OG0000617	0	7	7
OG0000618	0	7	7
OG0000619	0	7	7
OG0000620	0	7	7
OG0000621	0	7	7
OG0000622	0	7	7
OG0000623	0	7	7
OG0000624	0	7	7
OG0000625	0	7	7
OG0000626	0	7	7
OG0000627	0	7	7
OG0000628	0	7	7
OG0000629	0	7	7
OG0000630	5	1	6
OG0000631	5	1	6
OG0000632	3	3	6
OG0000633	4	2	6
OG0000634	4	2	6
OG0000635	4	2	6
OG0000636	6	0	6
OG0000637	3	3	6
OG0000638	2	4	6
OG0000639	5	1	6
OG0000640	4	2	6
OG0000641	6	0	6
OG0000642	4	2	6
OG0000643	5	1	6
OG0000644	1	5	6
OG0000645	1	5	6
OG0000646	4	2	6
OG0000647	6	0	6
OG0000648	6	0	6
OG0000649	4	2	6
OG0000650	4	2	6
OG0000651	3	3	6
OG0000652	5	1	6
OG0000653	4	2	6
OG0000654	5	1	6
OG0000655	5	1	6
OG0000656	2	4	6
OG0000657	4	2	6
OG0000658	3	3	6
OG0000659	5	1	6
OG0000660	3	3	6
OG0000661	1	5	6
OG0000662	2	4	6
OG0000663	4	2	6
OG0000664	6	0	6
OG0000665	4	2	6
OG0000666	2	4	6
OG0000667	1	5	6
OG0000668	5	1	6
OG0000669	5	1	6
OG0000670	4	2	6
OG0000671	6	0	6
OG0000672	4	2	6
OG0000673	5	1	6
OG0000674	2	4	6
OG0000675	2	4	6
OG0000676	6	0	6
OG0000677	6	0	6
OG0000678	6	0	6
OG0000679	1	5	6
OG0000680	3	3	6
OG0000681	5	1	6
OG0000682	6	0	6
OG0000683	1	5	6
OG0000684	3	3	6
OG0000685	4	2	6
OG0000686	2	4	6
OG0000687	6	0	6
OG0000688	4	2	6
OG0000689	4	2	6
OG0000690	4	2	6
OG0000691	2	4	6
OG0000692	1	5	6
OG0000693	2	4	6
OG0000694	5	1	6
OG0000695	4	2	6
OG0000696	2	4	6
OG0000697	4	2	6
OG0000698	2	4	6
OG0000699	1	5	6
OG0000700	2	4	6
OG0000701	4	2	6
OG0000702	5	1	6
OG0000703	1	5	6
OG0000704	6	0	6
OG0000705	3	3	6
OG0000706	3	3	6
OG0000707	4	2	6
OG0000708	4	2	6
OG0000709	6	0	6
OG0000710	2	4	6
OG0000711	4	2	6
OG0000712	1	5	6
OG0000713	4	2	6
OG0000714	4	2	6
OG0000715	2	4	6
OG0000716	5	1	6
OG0000717	1	5	6
OG0000718	3	3	6
OG0000719	5	1	6
OG0000720	3	3	6
OG0000721	4	2	6
OG0000722	3	3	6
OG0000723	1	5	6
OG0000724	2	4	6
OG0000725	2	4	6
OG0000726	6	0	6
OG0000727	1	5	6
OG0000728	3	3	6
OG0000729	4	2	6
OG0000730	4	2	6
OG0000731	5	1	6
OG0000732	2	4	6
OG0000733	2	4	6
OG0000734	5	1	6
OG0000735	4	2	6
OG0000736	2	4	6
OG0000737	3	3	6
OG0000738	4	2	6
OG0000739	4	2	6
OG0000740	1	5	6
OG0000741	4	2	6
OG0000742	4	2	6
OG0000743	3	3	6
OG0000744	4	2	6
OG0000745	4	2	6
OG0000746	5	1	6
OG0000747	4	2	6
OG0000748	3	3	6
OG0000749	4	2	6
OG0000750	5	1	6
OG0000751	3	3	6
OG0000752	6	0	6
OG0000753	5	1	6
OG0000754	5	1	6
OG0000755	5	1	6
OG0000756	4	2	6
OG0000757	2	4	6
OG0000758	4	2	6
OG0000759	2	4	6
OG0000760	4	2	6
OG0000761	1	5	6
OG0000762	2	4	6
OG0000763	4	2	6
OG0000764	3	3	6
OG0000765	5	1	6
OG0000766	4	2	6
OG0000767	4	2	6
OG0000768	4	2	6
OG0000769	2	4	6
OG0000770	4	2	6
OG0000771	5	1	6
OG0000772	4	2	6
OG0000773	5	1	6
OG0000774	4	2	6
OG0000775	2	4	6
OG0000776	2	4	6
OG0000777	2	4	6
OG0000778	1	5	6
OG0000779	6	0	6
OG0000780	4	2	6
OG0000781	6	0	6
OG0000782	5	1	6
OG0000783	5	1	6
OG0000784	3	3	6
OG0000785	5	1	6
OG0000786	1	5	6
OG0000787	1	5	6
OG0000788	3	3	6
OG0000789	6	0	6
OG0000790	1	5	6
OG0000791	2	4	6
OG0000792	4	2	6
OG0000793	5	1	6
OG0000794	4	2	6
OG0000795	2	4	6
OG0000796	2	4	6
OG0000797	3	3	6
OG0000798	4	2	6
OG0000799	1	5	6
OG0000800	1	5	6
OG0000801	4	2	6
OG0000802	4	2	6
OG0000803	5	1	6
OG0000804	4	2	6
OG0000805	3	3	6
OG0000806	2	4	6
OG0000807	5	1	6
OG0000808	2	4	6
OG0000809	2	4	6
OG0000810	1	5	6
OG0000811	6	0	6
OG0000812	3	3	6
OG0000813	4	2	6
OG0000814	3	3	6
OG0000815	3	3	6
OG0000816	3	3	6
OG0000817	5	1	6
OG0000818	3	3	6
OG0000819	5	1	6
OG0000820	6	0	6
OG0000821	3	3	6
OG0000822	3	3	6
OG0000823	4	2	6
OG0000824	4	2	6
OG0000825	2	4	6
OG0000826	3	3	6
OG0000827	3	3	6
OG0000828	4	2	6
OG0000829	5	1	6
OG0000830	3	3	6
OG0000831	2	4	6
OG0000832	2	4	6
OG0000833	1	5	6
OG0000834	1	5	6
OG0000835	2	4	6
OG0000836	2	4	6
OG0000837	3	3	6
OG0000838	5	1	6
OG0000839	4	2	6
OG0000840	2	4	6
OG0000841	6	0	6
OG0000842	5	1	6
OG0000843	6	0	6
OG0000844	2	4	6
OG0000845	4	2	6
OG0000846	3	3	6
OG0000847	4	2	6
OG0000848	4	2	6
OG0000849	1	5	6
OG0000850	5	1	6
OG0000851	1	5	6
OG0000852	4	2	6
OG0000853	1	5	6
OG0000854	5	1	6
OG0000855	6	0	6
OG0000856	4	2	6
OG0000857	4	2	6
OG0000858	3	3	6
OG0000859	2	4	6
OG0000860	1	5	6
OG0000861	2	4	6
OG0000862	3	3	6
OG0000863	3	3	6
OG0000864	1	5	6
OG0000865	4	2	6
OG0000866	2	4	6
OG0000867	4	2	6
OG0000868	2	4	6
OG0000869	3	3	6
OG0000870	4	2	6
OG0000871	2	4	6
OG0000872	4	2	6
OG0000873	4	2	6
OG0000874	1	5	6
OG0000875	4	2	6
OG0000876	1	5	6
OG0000877	3	3	6
OG0000878	5	1	6
OG0000879	2	4	6
OG0000880	5	1	6
OG0000881	1	5	6
OG0000882	5	1	6
OG0000883	3	3	6
OG0000884	4	2	6
OG0000885	2	4	6
OG0000886	5	1	6
OG0000887	2	4	6
OG0000888	4	2	6
OG0000889	5	1	6
OG0000890	5	1	6
OG0000891	5	1	6
OG0000892	1	5	6
OG0000893	2	4	6
OG0000894	2	4	6
OG0000895	5	1	6
OG0000896	6	0	6
OG0000897	6	0	6
OG0000898	3	3	6
OG0000899	5	1	6
OG0000900	1	5	6
OG0000901	4	2	6
OG0000902	2	4	6
OG0000903	4	2	6
OG0000904	1	5	6
OG0000905	2	4	6
OG0000906	2	4	6
OG0000907	3	3	6
OG0000908	2	4	6
OG0000909	5	1	6
OG0000910	4	2	6
OG0000911	4	2	6
OG0000912	1	5	6
OG0000913	2	4	6
OG0000914	1	5	6
OG0000915	6	0	6
OG0000916	4	2	6
OG0000917	2	4	6
OG0000918	2	4	6
OG0000919	2	4	6
OG0000920	2	4	6
OG0000921	1	5	6
OG0000922	2	4	6
OG0000923	4	2	6
OG0000924	1	5	6
OG0000925	3	3	6
OG0000926	1	5	6
OG0000927	3	3	6
OG0000928	5	1	6
OG0000929	3	3	6
OG0000930	2	4	6
OG0000931	1	5	6
OG0000932	2	4	6
OG0000933	3	3	6
OG0000934	6	0	6
OG0000935	5	1	6
OG0000936	5	1	6
OG0000937	6	0	6
OG0000938	2	4	6
OG0000939	3	3	6
OG0000940	2	4	6
OG0000941	2	4	6
OG0000942	4	2	6
OG0000943	3	3	6
OG0000944	3	3	6
OG0000945	5	1	6
OG0000946	2	4	6
OG0000947	2	4	6
OG0000948	3	3	6
OG0000949	2	4	6
OG0000950	5	1	6
OG0000951	2	4	6
OG0000952	4	2	6
OG0000953	2	4	6
OG0000954	5	1	6
OG0000955	4	2	6
OG0000956	5	1	6
OG0000957	4	2	6
OG0000958	2	4	6
OG0000959	5	1	6
OG0000960	3	3	6
OG0000961	5	1	6
OG0000962	2	4	6
OG0000963	1	5	6
OG0000964	1	5	6
OG0000965	5	1	6
OG0000966	2	4	6
OG0000967	3	3	6
OG0000968	3	3	6
OG0000969	1	5	6
OG0000970	3	3	6
OG0000971	3	3	6
OG0000972	4	2	6
OG0000973	2	4	6
OG0000974	3	3	6
OG0000975	3	3	6
OG0000976	2	4	6
OG0000977	5	1	6
OG0000978	2	4	6
OG0000979	3	3	6
OG0000980	4	2	6
OG0000981	5	1	6
OG0000982	4	2	6
OG0000983	3	3	6
OG0000984	1	5	6
OG0000985	1	5	6
OG0000986	5	1	6
OG0000987	1	5	6
OG0000988	2	4	6
OG0000989	6	0	6
OG0000990	2	4	6
OG0000991	1	5	6
OG0000992	5	1	6
OG0000993	5	1	6
OG0000994	3	3	6
OG0000995	5	1	6
OG0000996	4	2	6
OG0000997	4	2	6
OG0000998	1	5	6
OG0000999	3	3	6
OG0001000	3	3	6
OG0001001	2	4	6
OG0001002	3	3	6
OG0001003	4	2	6
OG0001004	2	4	6
OG0001005	2	4	6
OG0001006	5	1	6
OG0001007	4	2	6
OG0001008	5	1	6
OG0001009	5	1	6
OG0001010	3	3	6
OG0001011	4	2	6
OG0001012	2	4	6
OG0001013	3	3	6
OG0001014	6	0	6
OG0001015	1	5	6
OG0001016	4	2	6
OG0001017	4	2	6
OG0001018	2	4	6
OG0001019	1	5	6
OG0001020	3	3	6
OG0001021	2	4	6
OG0001022	5	1	6
OG0001023	2	4	6
OG0001024	3	3	6
OG0001025	4	2	6
OG0001026	5	1	6
OG0001027	4	2	6
OG0001028	5	1	6
OG0001029	5	1	6
OG0001030	1	5	6
OG0001031	1	5	6
OG0001032	3	3	6
OG0001033	5	1	6
OG0001034	5	1	6
OG0001035	2	4	6
OG0001036	5	1	6
OG0001037	4	2	6
OG0001038	2	4	6
OG0001039	3	3	6
OG0001040	5	1	6
OG0001041	6	0	6
OG0001042	1	5	6
OG0001043	3	3	6
OG0001044	3	3	6
OG0001045	2	4	6
OG0001046	4	2	6
OG0001047	2	4	6
OG0001048	1	5	6
OG0001049	2	4	6
OG0001050	1	5	6
OG0001051	1	5	6
OG0001052	2	4	6
OG0001053	4	2	6
OG0001054	2	4	6
OG0001055	2	4	6
OG0001056	1	5	6
OG0001057	0	6	6
OG0001058	0	6	6
OG0001059	0	6	6
OG0001060	0	6	6
OG0001061	0	6	6
OG0001062	0	6	6
OG0001063	0	6	6
OG0001064	0	6	6
OG0001065	0	6	6
OG0001066	0	6	6
OG0001067	0	6	6
OG0001068	0	6	6
OG0001069	4	1	5
OG0001070	4	1	5
OG0001071	2	3	5
OG0001072	4	1	5
OG0001073	5	0	5
OG0001074	4	1	5
OG0001075	2	3	5
OG0001076	4	1	5
OG0001077	3	2	5
OG0001078	3	2	5
OG0001079	4	1	5
OG0001080	4	1	5
OG0001081	4	1	5
OG0001082	4	1	5
OG0001083	4	1	5
OG0001084	4	1	5
OG0001085	2	3	5
OG0001086	4	1	5
OG0001087	2	3	5
OG0001088	4	1	5
OG0001089	4	1	5
OG0001090	4	1	5
OG0001091	3	2	5
OG0001092	5	0	5
OG0001093	4	1	5
OG0001094	4	1	5
OG0001095	3	2	5
OG0001096	4	1	5
OG0001097	5	0	5
OG0001098	4	1	5
OG0001099	3	2	5
OG0001100	4	1	5
OG0001101	2	3	5
OG0001102	5	0	5
OG0001103	3	2	5
OG0001104	3	2	5
OG0001105	4	1	5
OG0001106	5	0	5
OG0001107	4	1	5
OG0001108	4	1	5
OG0001109	3	2	5
OG0001110	2	3	5
OG0001111	4	1	5
OG0001112	5	0	5
OG0001113	5	0	5
OG0001114	1	4	5
OG0001115	5	0	5
OG0001116	5	0	5
OG0001117	4	1	5
OG0001118	1	4	5
OG0001119	3	2	5
OG0001120	4	1	5
OG0001121	4	1	5
OG0001122	3	2	5
OG0001123	2	3	5
OG0001124	2	3	5
OG0001125	3	2	5
OG0001126	4	1	5
OG0001127	3	2	5
OG0001128	2	3	5
OG0001129	1	4	5
OG0001130	4	1	5
OG0001131	4	1	5
OG0001132	3	2	5
OG0001133	3	2	5
OG0001134	3	2	5
OG0001135	3	2	5
OG0001136	4	1	5
OG0001137	2	3	5
OG0001138	4	1	5
OG0001139	2	3	5
OG0001140	3	2	5
OG0001141	4	1	5
OG0001142	3	2	5
OG0001143	3	2	5
OG0001144	2	3	5
OG0001145	4	1	5
OG0001146	5	0	5
OG0001147	4	1	5
OG0001148	2	3	5
OG0001149	1	4	5
OG0001150	2	3	5
OG0001151	5	0	5
OG0001152	2	3	5
OG0001153	4	1	5
OG0001154	2	3	5
OG0001155	1	4	5
OG0001156	4	1	5
OG0001157	5	0	5
OG0001158	1	4	5
OG0001159	3	2	5
OG0001160	4	1	5
OG0001161	4	1	5
OG0001162	1	4	5
OG0001163	4	1	5
OG0001164	5	0	5
OG0001165	1	4	5
OG0001166	1	4	5
OG0001167	2	3	5
OG0001168	2	3	5
OG0001169	2	3	5
OG0001170	4	1	5
OG0001171	3	2	5
OG0001172	2	3	5
OG0001173	2	3	5
OG0001174	1	4	5
OG0001175	1	4	5
OG0001176	3	2	5
OG0001177	2	3	5
OG0001178	3	2	5
OG0001179	3	2	5
OG0001180	4	1	5
OG0001181	3	2	5
OG0001182	1	4	5
OG0001183	3	2	5
OG0001184	5	0	5
OG0001185	4	1	5
OG0001186	2	3	5
OG0001187	2	3	5
OG0001188	3	2	5
OG0001189	3	2	5
OG0001190	1	4	5
OG0001191	4	1	5
OG0001192	2	3	5
OG0001193	2	3	5
OG0001194	1	4	5
OG0001195	3	2	5
OG0001196	1	4	5
OG0001197	2	3	5
OG0001198	1	4	5
OG0001199	3	2	5
OG0001200	3	2	5
OG0001201	3	2	5
OG0001202	3	2	5
OG0001203	4	1	5
OG0001204	2	3	5
OG0001205	4	1	5
OG0001206	2	3	5
OG0001207	1	4	5
OG0001208	3	2	5
OG0001209	4	1	5
OG0001210	2	3	5
OG0001211	4	1	5
OG0001212	4	1	5
OG0001213	2	3	5
OG0001214	1	4	5
OG0001215	1	4	5
OG0001216	1	4	5
OG0001217	1	4	5
OG0001218	4	1	5
OG0001219	2	3	5
OG0001220	4	1	5
OG0001221	3	2	5
OG0001222	3	2	5
OG0001223	4	1	5
OG0001224	3	2	5
OG0001225	3	2	5
OG0001226	4	1	5
OG0001227	3	2	5
OG0001228	1	4	5
OG0001229	3	2	5
OG0001230	1	4	5
OG0001231	2	3	5
OG0001232	1	4	5
OG0001233	3	2	5
OG0001234	3	2	5
OG0001235	4	1	5
OG0001236	2	3	5
OG0001237	2	3	5
OG0001238	2	3	5
OG0001239	2	3	5
OG0001240	2	3	5
OG0001241	4	1	5
OG0001242	2	3	5
OG0001243	1	4	5
OG0001244	2	3	5
OG0001245	2	3	5
OG0001246	4	1	5
OG0001247	3	2	5
OG0001248	4	1	5
OG0001249	3	2	5
OG0001250	2	3	5
OG0001251	3	2	5
OG0001252	3	2	5
OG0001253	1	4	5
OG0001254	2	3	5
OG0001255	4	1	5
OG0001256	2	3	5
OG0001257	2	3	5
OG0001258	3	2	5
OG0001259	2	3	5
OG0001260	4	1	5
OG0001261	3	2	5
OG0001262	3	2	5
OG0001263	5	0	5
OG0001264	3	2	5
OG0001265	2	3	5
OG0001266	4	1	5
OG0001267	3	2	5
OG0001268	4	1	5
OG0001269	3	2	5
OG0001270	2	3	5
OG0001271	3	2	5
OG0001272	4	1	5
OG0001273	3	2	5
OG0001274	3	2	5
OG0001275	2	3	5
OG0001276	5	0	5
OG0001277	3	2	5
OG0001278	3	2	5
OG0001279	4	1	5
OG0001280	1	4	5
OG0001281	2	3	5
OG0001282	4	1	5
OG0001283	2	3	5
OG0001284	2	3	5
OG0001285	2	3	5
OG0001286	3	2	5
OG0001287	2	3	5
OG0001288	1	4	5
OG0001289	3	2	5
OG0001290	3	2	5
OG0001291	4	1	5
OG0001292	1	4	5
OG0001293	4	1	5
OG0001294	4	1	5
OG0001295	4	1	5
OG0001296	2	3	5
OG0001297	2	3	5
OG0001298	3	2	5
OG0001299	2	3	5
OG0001300	3	2	5
OG0001301	3	2	5
OG0001302	4	1	5
OG0001303	1	4	5
OG0001304	3	2	5
OG0001305	2	3	5
OG0001306	1	4	5
OG0001307	2	3	5
OG0001308	2	3	5
OG0001309	2	3	5
OG0001310	5	0	5
OG0001311	5	0	5
OG0001312	1	4	5
OG0001313	4	1	5
OG0001314	3	2	5
OG0001315	1	4	5
OG0001316	2	3	5
OG0001317	5	0	5
OG0001318	3	2	5
OG0001319	4	1	5
OG0001320	2	3	5
OG0001321	3	2	5
OG0001322	2	3	5
OG0001323	3	2	5
OG0001324	2	3	5
OG0001325	3	2	5
OG0001326	4	1	5
OG0001327	3	2	5
OG0001328	2	3	5
OG0001329	2	3	5
OG0001330	2	3	5
OG0001331	1	4	5
OG0001332	3	2	5
OG0001333	4	1	5
OG0001334	4	1	5
OG0001335	2	3	5
OG0001336	3	2	5
OG0001337	2	3	5
OG0001338	4	1	5
OG0001339	4	1	5
OG0001340	1	4	5
OG0001341	4	1	5
OG0001342	4	1	5
OG0001343	4	1	5
OG0001344	3	2	5
OG0001345	4	1	5
OG0001346	2	3	5
OG0001347	2	3	5
OG0001348	3	2	5
OG0001349	3	2	5
OG0001350	3	2	5
OG0001351	3	2	5
OG0001352	1	4	5
OG0001353	1	4	5
OG0001354	2	3	5
OG0001355	4	1	5
OG0001356	2	3	5
OG0001357	3	2	5
OG0001358	1	4	5
OG0001359	4	1	5
OG0001360	4	1	5
OG0001361	4	1	5
OG0001362	2	3	5
OG0001363	2	3	5
OG0001364	5	0	5
OG0001365	4	1	5
OG0001366	2	3	5
OG0001367	2	3	5
OG0001368	3	2	5
OG0001369	4	1	5
OG0001370	4	1	5
OG0001371	4	1	5
OG0001372	2	3	5
OG0001373	3	2	5
OG0001374	3	2	5
OG0001375	2	3	5
OG0001376	4	1	5
OG0001377	3	2	5
OG0001378	5	0	5
OG0001379	2	3	5
OG0001380	4	1	5
OG0001381	1	4	5
OG0001382	3	2	5
OG0001383	2	3	5
OG0001384	2	3	5
OG0001385	4	1	5
OG0001386	4	1	5
OG0001387	1	4	5
OG0001388	2	3	5
OG0001389	2	3	5
OG0001390	2	3	5
OG0001391	4	1	5
OG0001392	2	3	5
OG0001393	3	2	5
OG0001394	1	4	5
OG0001395	4	1	5
OG0001396	4	1	5
OG0001397	4	1	5
OG0001398	4	1	5
OG0001399	3	2	5
OG0001400	3	2	5
OG0001401	2	3	5
OG0001402	3	2	5
OG0001403	2	3	5
OG0001404	2	3	5
OG0001405	3	2	5
OG0001406	4	1	5
OG0001407	2	3	5
OG0001408	2	3	5
OG0001409	3	2	5
OG0001410	1	4	5
OG0001411	4	1	5
OG0001412	4	1	5
OG0001413	1	4	5
OG0001414	1	4	5
OG0001415	1	4	5
OG0001416	2	3	5
OG0001417	4	1	5
OG0001418	4	1	5
OG0001419	4	1	5
OG0001420	4	1	5
OG0001421	3	2	5
OG0001422	4	1	5
OG0001423	3	2	5
OG0001424	2	3	5
OG0001425	1	4	5
OG0001426	1	4	5
OG0001427	4	1	5
OG0001428	4	1	5
OG0001429	2	3	5
OG0001430	2	3	5
OG0001431	3	2	5
OG0001432	1	4	5
OG0001433	1	4	5
OG0001434	3	2	5
OG0001435	3	2	5
OG0001436	5	0	5
OG0001437	3	2	5
OG0001438	3	2	5
OG0001439	4	1	5
OG0001440	3	2	5
OG0001441	4	1	5
OG0001442	4	1	5
OG0001443	4	1	5
OG0001444	1	4	5
OG0001445	4	1	5
OG0001446	4	1	5
OG0001447	2	3	5
OG0001448	4	1	5
OG0001449	5	0	5
OG0001450	3	2	5
OG0001451	4	1	5
OG0001452	4	1	5
OG0001453	3	2	5
OG0001454	3	2	5
OG0001455	2	3	5
OG0001456	2	3	5
OG0001457	3	2	5
OG0001458	3	2	5
OG0001459	4	1	5
OG0001460	1	4	5
OG0001461	4	1	5
OG0001462	3	2	5
OG0001463	4	1	5
OG0001464	2	3	5
OG0001465	5	0	5
OG0001466	1	4	5
OG0001467	2	3	5
OG0001468	2	3	5
OG0001469	2	3	5
OG0001470	3	2	5
OG0001471	2	3	5
OG0001472	1	4	5
OG0001473	4	1	5
OG0001474	2	3	5
OG0001475	2	3	5
OG0001476	2	3	5
OG0001477	3	2	5
OG0001478	5	0	5
OG0001479	3	2	5
OG0001480	4	1	5
OG0001481	2	3	5
OG0001482	2	3	5
OG0001483	2	3	5
OG0001484	2	3	5
OG0001485	4	1	5
OG0001486	2	3	5
OG0001487	1	4	5
OG0001488	3	2	5
OG0001489	2	3	5
OG0001490	3	2	5
OG0001491	2	3	5
OG0001492	1	4	5
OG0001493	1	4	5
OG0001494	4	1	5
OG0001495	2	3	5
OG0001496	2	3	5
OG0001497	1	4	5
OG0001498	4	1	5
OG0001499	4	1	5
OG0001500	2	3	5
OG0001501	2	3	5
OG0001502	2	3	5
OG0001503	4	1	5
OG0001504	3	2	5
OG0001505	3	2	5
OG0001506	1	4	5
OG0001507	3	2	5
OG0001508	5	0	5
OG0001509	2	3	5
OG0001510	3	2	5
OG0001511	4	1	5
OG0001512	2	3	5
OG0001513	1	4	5
OG0001514	3	2	5
OG0001515	5	0	5
OG0001516	1	4	5
OG0001517	3	2	5
OG0001518	1	4	5
OG0001519	2	3	5
OG0001520	4	1	5
OG0001521	1	4	5
OG0001522	1	4	5
OG0001523	2	3	5
OG0001524	4	1	5
OG0001525	4	1	5
OG0001526	3	2	5
OG0001527	4	1	5
OG0001528	5	0	5
OG0001529	1	4	5
OG0001530	1	4	5
OG0001531	1	4	5
OG0001532	2	3	5
OG0001533	1	4	5
OG0001534	4	1	5
OG0001535	3	2	5
OG0001536	5	0	5
OG0001537	3	2	5
OG0001538	4	1	5
OG0001539	2	3	5
OG0001540	1	4	5
OG0001541	4	1	5
OG0001542	1	4	5
OG0001543	4	1	5
OG0001544	1	4	5
OG0001545	4	1	5
OG0001546	5	0	5
OG0001547	5	0	5
OG0001548	4	1	5
OG0001549	3	2	5
OG0001550	2	3	5
OG0001551	3	2	5
OG0001552	3	2	5
OG0001553	3	2	5
OG0001554	2	3	5
OG0001555	2	3	5
OG0001556	1	4	5
OG0001557	4	1	5
OG0001558	4	1	5
OG0001559	1	4	5
OG0001560	3	2	5
OG0001561	2	3	5
OG0001562	5	0	5
OG0001563	1	4	5
OG0001564	3	2	5
OG0001565	3	2	5
OG0001566	2	3	5
OG0001567	1	4	5
OG0001568	5	0	5
OG0001569	1	4	5
OG0001570	3	2	5
OG0001571	3	2	5
OG0001572	4	1	5
OG0001573	4	1	5
OG0001574	4	1	5
OG0001575	1	4	5
OG0001576	1	4	5
OG0001577	2	3	5
OG0001578	2	3	5
OG0001579	3	2	5
OG0001580	3	2	5
OG0001581	2	3	5
OG0001582	1	4	5
OG0001583	1	4	5
OG0001584	1	4	5
OG0001585	3	2	5
OG0001586	3	2	5
OG0001587	4	1	5
OG0001588	2	3	5
OG0001589	4	1	5
OG0001590	5	0	5
OG0001591	5	0	5
OG0001592	1	4	5
OG0001593	4	1	5
OG0001594	2	3	5
OG0001595	3	2	5
OG0001596	3	2	5
OG0001597	1	4	5
OG0001598	2	3	5
OG0001599	3	2	5
OG0001600	2	3	5
OG0001601	3	2	5
OG0001602	1	4	5
OG0001603	2	3	5
OG0001604	4	1	5
OG0001605	2	3	5
OG0001606	3	2	5
OG0001607	3	2	5
OG0001608	3	2	5
OG0001609	1	4	5
OG0001610	4	1	5
OG0001611	5	0	5
OG0001612	5	0	5
OG0001613	3	2	5
OG0001614	3	2	5
OG0001615	3	2	5
OG0001616	2	3	5
OG0001617	1	4	5
OG0001618	3	2	5
OG0001619	3	2	5
OG0001620	3	2	5
OG0001621	2	3	5
OG0001622	4	1	5
OG0001623	1	4	5
OG0001624	3	2	5
OG0001625	4	1	5
OG0001626	1	4	5
OG0001627	2	3	5
OG0001628	1	4	5
OG0001629	1	4	5
OG0001630	2	3	5
OG0001631	3	2	5
OG0001632	3	2	5
OG0001633	4	1	5
OG0001634	3	2	5
OG0001635	4	1	5
OG0001636	2	3	5
OG0001637	2	3	5
OG0001638	2	3	5
OG0001639	2	3	5
OG0001640	5	0	5
OG0001641	3	2	5
OG0001642	2	3	5
OG0001643	4	1	5
OG0001644	3	2	5
OG0001645	4	1	5
OG0001646	4	1	5
OG0001647	2	3	5
OG0001648	5	0	5
OG0001649	2	3	5
OG0001650	2	3	5
OG0001651	2	3	5
OG0001652	3	2	5
OG0001653	4	1	5
OG0001654	2	3	5
OG0001655	4	1	5
OG0001656	3	2	5
OG0001657	2	3	5
OG0001658	2	3	5
OG0001659	1	4	5
OG0001660	4	1	5
OG0001661	4	1	5
OG0001662	5	0	5
OG0001663	5	0	5
OG0001664	2	3	5
OG0001665	4	1	5
OG0001666	2	3	5
OG0001667	3	2	5
OG0001668	1	4	5
OG0001669	4	1	5
OG0001670	4	1	5
OG0001671	3	2	5
OG0001672	2	3	5
OG0001673	4	1	5
OG0001674	2	3	5
OG0001675	4	1	5
OG0001676	5	0	5
OG0001677	2	3	5
OG0001678	4	1	5
OG0001679	4	1	5
OG0001680	1	4	5
OG0001681	4	1	5
OG0001682	1	4	5
OG0001683	3	2	5
OG0001684	4	1	5
OG0001685	3	2	5
OG0001686	1	4	5
OG0001687	2	3	5
OG0001688	1	4	5
OG0001689	4	1	5
OG0001690	4	1	5
OG0001691	3	2	5
OG0001692	3	2	5
OG0001693	1	4	5
OG0001694	3	2	5
OG0001695	4	1	5
OG0001696	2	3	5
OG0001697	2	3	5
OG0001698	4	1	5
OG0001699	2	3	5
OG0001700	2	3	5
OG0001701	1	4	5
OG0001702	3	2	5
OG0001703	1	4	5
OG0001704	4	1	5
OG0001705	1	4	5
OG0001706	5	0	5
OG0001707	3	2	5
OG0001708	4	1	5
OG0001709	3	2	5
OG0001710	3	2	5
OG0001711	1	4	5
OG0001712	2	3	5
OG0001713	4	1	5
OG0001714	1	4	5
OG0001715	4	1	5
OG0001716	2	3	5
OG0001717	1	4	5
OG0001718	3	2	5
OG0001719	3	2	5
OG0001720	2	3	5
OG0001721	1	4	5
OG0001722	4	1	5
OG0001723	3	2	5
OG0001724	4	1	5
OG0001725	1	4	5
OG0001726	2	3	5
OG0001727	3	2	5
OG0001728	3	2	5
OG0001729	1	4	5
OG0001730	2	3	5
OG0001731	2	3	5
OG0001732	4	1	5
OG0001733	3	2	5
OG0001734	5	0	5
OG0001735	4	1	5
OG0001736	4	1	5
OG0001737	2	3	5
OG0001738	4	1	5
OG0001739	4	1	5
OG0001740	4	1	5
OG0001741	4	1	5
OG0001742	3	2	5
OG0001743	4	1	5
OG0001744	3	2	5
OG0001745	2	3	5
OG0001746	3	2	5
OG0001747	4	1	5
OG0001748	2	3	5
OG0001749	1	4	5
OG0001750	2	3	5
OG0001751	3	2	5
OG0001752	4	1	5
OG0001753	2	3	5
OG0001754	2	3	5
OG0001755	3	2	5
OG0001756	3	2	5
OG0001757	4	1	5
OG0001758	5	0	5
OG0001759	3	2	5
OG0001760	1	4	5
OG0001761	3	2	5
OG0001762	3	2	5
OG0001763	3	2	5
OG0001764	3	2	5
OG0001765	4	1	5
OG0001766	2	3	5
OG0001767	4	1	5
OG0001768	3	2	5
OG0001769	3	2	5
OG0001770	1	4	5
OG0001771	5	0	5
OG0001772	2	3	5
OG0001773	1	4	5
OG0001774	1	4	5
OG0001775	3	2	5
OG0001776	2	3	5
OG0001777	3	2	5
OG0001778	2	3	5
OG0001779	4	1	5
OG0001780	1	4	5
OG0001781	1	4	5
OG0001782	5	0	5
OG0001783	3	2	5
OG0001784	1	4	5
OG0001785	4	1	5
OG0001786	2	3	5
OG0001787	4	1	5
OG0001788	4	1	5
OG0001789	3	2	5
OG0001790	4	1	5
OG0001791	3	2	5
OG0001792	4	1	5
OG0001793	3	2	5
OG0001794	1	4	5
OG0001795	5	0	5
OG0001796	3	2	5
OG0001797	2	3	5
OG0001798	3	2	5
OG0001799	3	2	5
OG0001800	4	1	5
OG0001801	3	2	5
OG0001802	1	4	5
OG0001803	1	4	5
OG0001804	2	3	5
OG0001805	2	3	5
OG0001806	1	4	5
OG0001807	2	3	5
OG0001808	4	1	5
OG0001809	4	1	5
OG0001810	3	2	5
OG0001811	1	4	5
OG0001812	3	2	5
OG0001813	2	3	5
OG0001814	4	1	5
OG0001815	1	4	5
OG0001816	1	4	5
OG0001817	1	4	5
OG0001818	1	4	5
OG0001819	1	4	5
OG0001820	1	4	5
OG0001821	0	5	5
OG0001822	0	5	5
OG0001823	0	5	5
OG0001824	0	5	5
OG0001825	0	5	5
OG0001826	0	5	5
OG0001827	0	5	5
OG0001828	0	5	5
OG0001829	0	5	5
OG0001830	0	5	5
OG0001831	0	5	5
OG0001832	0	5	5
OG0001833	0	5	5
OG0001834	0	5	5
OG0001835	0	5	5
OG0001836	0	5	5
OG0001837	0	5	5
OG0001838	0	5	5
OG0001839	0	5	5
OG0001840	0	5	5
OG0001841	0	5	5
OG0001842	0	5	5
OG0001843	0	5	5
OG0001844	0	5	5
OG0001845	0	5	5
OG0001846	0	5	5
OG0001847	0	5	5
OG0001848	0	5	5
OG0001849	0	5	5
OG0001850	1	3	4
OG0001851	4	0	4
OG0001852	3	1	4
OG0001853	2	2	4
OG0001854	3	1	4
OG0001855	3	1	4
OG0001856	4	0	4
OG0001857	2	2	4
OG0001858	3	1	4
OG0001859	3	1	4
OG0001860	2	2	4
OG0001861	2	2	4
OG0001862	2	2	4
OG0001863	2	2	4
OG0001864	1	3	4
OG0001865	3	1	4
OG0001866	2	2	4
OG0001867	3	1	4
OG0001868	1	3	4
OG0001869	2	2	4
OG0001870	3	1	4
OG0001871	3	1	4
OG0001872	2	2	4
OG0001873	2	2	4
OG0001874	4	0	4
OG0001875	2	2	4
OG0001876	4	0	4
OG0001877	3	1	4
OG0001878	4	0	4
OG0001879	3	1	4
OG0001880	3	1	4
OG0001881	3	1	4
OG0001882	3	1	4
OG0001883	3	1	4
OG0001884	3	1	4
OG0001885	4	0	4
OG0001886	3	1	4
OG0001887	3	1	4
OG0001888	3	1	4
OG0001889	3	1	4
OG0001890	3	1	4
OG0001891	3	1	4
OG0001892	3	1	4
OG0001893	2	2	4
OG0001894	4	0	4
OG0001895	4	0	4
OG0001896	2	2	4
OG0001897	3	1	4
OG0001898	3	1	4
OG0001899	3	1	4
OG0001900	3	1	4
OG0001901	2	2	4
OG0001902	3	1	4
OG0001903	1	3	4
OG0001904	1	3	4
OG0001905	4	0	4
OG0001906	3	1	4
OG0001907	3	1	4
OG0001908	2	2	4
OG0001909	3	1	4
OG0001910	1	3	4
OG0001911	1	3	4
OG0001912	2	2	4
OG0001913	2	2	4
OG0001914	1	3	4
OG0001915	3	1	4
OG0001916	1	3	4
OG0001917	4	0	4
OG0001918	3	1	4
OG0001919	2	2	4
OG0001920	2	2	4
OG0001921	1	3	4
OG0001922	2	2	4
OG0001923	2	2	4
OG0001924	2	2	4
OG0001925	3	1	4
OG0001926	2	2	4
OG0001927	2	2	4
OG0001928	1	3	4
OG0001929	2	2	4
OG0001930	3	1	4
OG0001931	3	1	4
OG0001932	3	1	4
OG0001933	1	3	4
OG0001934	3	1	4
OG0001935	3	1	4
OG0001936	1	3	4
OG0001937	1	3	4
OG0001938	3	1	4
OG0001939	3	1	4
OG0001940	1	3	4
OG0001941	3	1	4
OG0001942	3	1	4
OG0001943	3	1	4
OG0001944	2	2	4
OG0001945	2	2	4
OG0001946	2	2	4
OG0001947	2	2	4
OG0001948	3	1	4
OG0001949	3	1	4
OG0001950	1	3	4
OG0001951	1	3	4
OG0001952	3	1	4
OG0001953	3	1	4
OG0001954	2	2	4
OG0001955	3	1	4
OG0001956	1	3	4
OG0001957	4	0	4
OG0001958	3	1	4
OG0001959	2	2	4
OG0001960	2	2	4
OG0001961	2	2	4
OG0001962	2	2	4
OG0001963	4	0	4
OG0001964	1	3	4
OG0001965	3	1	4
OG0001966	3	1	4
OG0001967	1	3	4
OG0001968	3	1	4
OG0001969	4	0	4
OG0001970	4	0	4
OG0001971	1	3	4
OG0001972	2	2	4
OG0001973	1	3	4
OG0001974	2	2	4
OG0001975	2	2	4
OG0001976	2	2	4
OG0001977	3	1	4
OG0001978	2	2	4
OG0001979	2	2	4
OG0001980	2	2	4
OG0001981	3	1	4
OG0001982	2	2	4
OG0001983	2	2	4
OG0001984	2	2	4
OG0001985	4	0	4
OG0001986	3	1	4
OG0001987	2	2	4
OG0001988	1	3	4
OG0001989	2	2	4
OG0001990	1	3	4
OG0001991	2	2	4
OG0001992	2	2	4
OG0001993	2	2	4
OG0001994	1	3	4
OG0001995	3	1	4
OG0001996	2	2	4
OG0001997	2	2	4
OG0001998	2	2	4
OG0001999	2	2	4
OG0002000	2	2	4
OG0002001	2	2	4
OG0002002	2	2	4
OG0002003	2	2	4
OG0002004	2	2	4
OG0002005	2	2	4
OG0002006	2	2	4
OG0002007	2	2	4
OG0002008	4	0	4
OG0002009	3	1	4
OG0002010	3	1	4
OG0002011	3	1	4
OG0002012	1	3	4
OG0002013	2	2	4
OG0002014	4	0	4
OG0002015	3	1	4
OG0002016	4	0	4
OG0002017	2	2	4
OG0002018	2	2	4
OG0002019	2	2	4
OG0002020	2	2	4
OG0002021	2	2	4
OG0002022	3	1	4
OG0002023	3	1	4
OG0002024	4	0	4
OG0002025	3	1	4
OG0002026	1	3	4
OG0002027	4	0	4
OG0002028	2	2	4
OG0002029	3	1	4
OG0002030	3	1	4
OG0002031	2	2	4
OG0002032	1	3	4
OG0002033	3	1	4
OG0002034	2	2	4
OG0002035	4	0	4
OG0002036	3	1	4
OG0002037	2	2	4
OG0002038	4	0	4
OG0002039	2	2	4
OG0002040	2	2	4
OG0002041	2	2	4
OG0002042	3	1	4
OG0002043	2	2	4
OG0002044	1	3	4
OG0002045	3	1	4
OG0002046	3	1	4
OG0002047	2	2	4
OG0002048	3	1	4
OG0002049	2	2	4
OG0002050	2	2	4
OG0002051	4	0	4
OG0002052	3	1	4
OG0002053	3	1	4
OG0002054	3	1	4
OG0002055	3	1	4
OG0002056	2	2	4
OG0002057	1	3	4
OG0002058	2	2	4
OG0002059	2	2	4
OG0002060	1	3	4
OG0002061	2	2	4
OG0002062	2	2	4
OG0002063	4	0	4
OG0002064	2	2	4
OG0002065	2	2	4
OG0002066	2	2	4
OG0002067	2	2	4
OG0002068	3	1	4
OG0002069	2	2	4
OG0002070	3	1	4
OG0002071	3	1	4
OG0002072	3	1	4
OG0002073	2	2	4
OG0002074	4	0	4
OG0002075	2	2	4
OG0002076	1	3	4
OG0002077	1	3	4
OG0002078	2	2	4
OG0002079	4	0	4
OG0002080	2	2	4
OG0002081	2	2	4
OG0002082	2	2	4
OG0002083	2	2	4
OG0002084	1	3	4
OG0002085	2	2	4
OG0002086	1	3	4
OG0002087	1	3	4
OG0002088	2	2	4
OG0002089	3	1	4
OG0002090	2	2	4
OG0002091	3	1	4
OG0002092	1	3	4
OG0002093	1	3	4
OG0002094	1	3	4
OG0002095	2	2	4
OG0002096	2	2	4
OG0002097	1	3	4
OG0002098	4	0	4
OG0002099	2	2	4
OG0002100	2	2	4
OG0002101	3	1	4
OG0002102	3	1	4
OG0002103	1	3	4
OG0002104	3	1	4
OG0002105	3	1	4
OG0002106	1	3	4
OG0002107	2	2	4
OG0002108	3	1	4
OG0002109	1	3	4
OG0002110	2	2	4
OG0002111	2	2	4
OG0002112	2	2	4
OG0002113	2	2	4
OG0002114	2	2	4
OG0002115	2	2	4
OG0002116	1	3	4
OG0002117	2	2	4
OG0002118	3	1	4
OG0002119	1	3	4
OG0002120	2	2	4
OG0002121	2	2	4
OG0002122	3	1	4
OG0002123	2	2	4
OG0002124	2	2	4
OG0002125	2	2	4
OG0002126	1	3	4
OG0002127	2	2	4
OG0002128	3	1	4
OG0002129	2	2	4
OG0002130	2	2	4
OG0002131	2	2	4
OG0002132	2	2	4
OG0002133	2	2	4
OG0002134	3	1	4
OG0002135	2	2	4
OG0002136	3	1	4
OG0002137	3	1	4
OG0002138	3	1	4
OG0002139	1	3	4
OG0002140	2	2	4
OG0002141	4	0	4
OG0002142	1	3	4
OG0002143	1	3	4
OG0002144	2	2	4
OG0002145	3	1	4
OG0002146	3	1	4
OG0002147	3	1	4
OG0002148	1	3	4
OG0002149	1	3	4
OG0002150	2	2	4
OG0002151	2	2	4
OG0002152	2	2	4
OG0002153	2	2	4
OG0002154	2	2	4
OG0002155	3	1	4
OG0002156	3	1	4
OG0002157	2	2	4
OG0002158	4	0	4
OG0002159	3	1	4
OG0002160	1	3	4
OG0002161	3	1	4
OG0002162	3	1	4
OG0002163	1	3	4
OG0002164	3	1	4
OG0002165	3	1	4
OG0002166	3	1	4
OG0002167	2	2	4
OG0002168	2	2	4
OG0002169	1	3	4
OG0002170	2	2	4
OG0002171	1	3	4
OG0002172	2	2	4
OG0002173	2	2	4
OG0002174	2	2	4
OG0002175	2	2	4
OG0002176	1	3	4
OG0002177	4	0	4
OG0002178	2	2	4
OG0002179	2	2	4
OG0002180	2	2	4
OG0002181	1	3	4
OG0002182	2	2	4
OG0002183	1	3	4
OG0002184	2	2	4
OG0002185	2	2	4
OG0002186	2	2	4
OG0002187	2	2	4
OG0002188	2	2	4
OG0002189	2	2	4
OG0002190	1	3	4
OG0002191	1	3	4
OG0002192	2	2	4
OG0002193	3	1	4
OG0002194	3	1	4
OG0002195	2	2	4
OG0002196	3	1	4
OG0002197	4	0	4
OG0002198	1	3	4
OG0002199	2	2	4
OG0002200	2	2	4
OG0002201	3	1	4
OG0002202	3	1	4
OG0002203	1	3	4
OG0002204	2	2	4
OG0002205	2	2	4
OG0002206	3	1	4
OG0002207	3	1	4
OG0002208	2	2	4
OG0002209	4	0	4
OG0002210	3	1	4
OG0002211	2	2	4
OG0002212	2	2	4
OG0002213	2	2	4
OG0002214	2	2	4
OG0002215	2	2	4
OG0002216	2	2	4
OG0002217	1	3	4
OG0002218	2	2	4
OG0002219	4	0	4
OG0002220	3	1	4
OG0002221	2	2	4
OG0002222	3	1	4
OG0002223	1	3	4
OG0002224	1	3	4
OG0002225	2	2	4
OG0002226	2	2	4
OG0002227	2	2	4
OG0002228	3	1	4
OG0002229	1	3	4
OG0002230	1	3	4
OG0002231	1	3	4
OG0002232	1	3	4
OG0002233	3	1	4
OG0002234	3	1	4
OG0002235	1	3	4
OG0002236	3	1	4
OG0002237	3	1	4
OG0002238	2	2	4
OG0002239	2	2	4
OG0002240	3	1	4
OG0002241	2	2	4
OG0002242	2	2	4
OG0002243	2	2	4
OG0002244	2	2	4
OG0002245	3	1	4
OG0002246	2	2	4
OG0002247	2	2	4
OG0002248	2	2	4
OG0002249	2	2	4
OG0002250	3	1	4
OG0002251	4	0	4
OG0002252	3	1	4
OG0002253	2	2	4
OG0002254	2	2	4
OG0002255	1	3	4
OG0002256	4	0	4
OG0002257	1	3	4
OG0002258	3	1	4
OG0002259	3	1	4
OG0002260	2	2	4
OG0002261	1	3	4
OG0002262	1	3	4
OG0002263	4	0	4
OG0002264	3	1	4
OG0002265	4	0	4
OG0002266	1	3	4
OG0002267	2	2	4
OG0002268	1	3	4
OG0002269	2	2	4
OG0002270	1	3	4
OG0002271	2	2	4
OG0002272	2	2	4
OG0002273	3	1	4
OG0002274	3	1	4
OG0002275	4	0	4
OG0002276	3	1	4
OG0002277	1	3	4
OG0002278	2	2	4
OG0002279	3	1	4
OG0002280	3	1	4
OG0002281	2	2	4
OG0002282	1	3	4
OG0002283	1	3	4
OG0002284	3	1	4
OG0002285	4	0	4
OG0002286	2	2	4
OG0002287	3	1	4
OG0002288	1	3	4
OG0002289	3	1	4
OG0002290	2	2	4
OG0002291	2	2	4
OG0002292	3	1	4
OG0002293	3	1	4
OG0002294	3	1	4
OG0002295	2	2	4
OG0002296	2	2	4
OG0002297	3	1	4
OG0002298	3	1	4
OG0002299	1	3	4
OG0002300	3	1	4
OG0002301	2	2	4
OG0002302	2	2	4
OG0002303	2	2	4
OG0002304	3	1	4
OG0002305	3	1	4
OG0002306	2	2	4
OG0002307	2	2	4
OG0002308	2	2	4
OG0002309	3	1	4
OG0002310	1	3	4
OG0002311	3	1	4
OG0002312	2	2	4
OG0002313	3	1	4
OG0002314	4	0	4
OG0002315	2	2	4
OG0002316	2	2	4
OG0002317	2	2	4
OG0002318	3	1	4
OG0002319	4	0	4
OG0002320	2	2	4
OG0002321	2	2	4
OG0002322	1	3	4
OG0002323	3	1	4
OG0002324	2	2	4
OG0002325	1	3	4
OG0002326	2	2	4
OG0002327	3	1	4
OG0002328	2	2	4
OG0002329	4	0	4
OG0002330	3	1	4
OG0002331	2	2	4
OG0002332	1	3	4
OG0002333	3	1	4
OG0002334	3	1	4
OG0002335	1	3	4
OG0002336	3	1	4
OG0002337	3	1	4
OG0002338	2	2	4
OG0002339	3	1	4
OG0002340	2	2	4
OG0002341	3	1	4
OG0002342	3	1	4
OG0002343	1	3	4
OG0002344	2	2	4
OG0002345	2	2	4
OG0002346	1	3	4
OG0002347	3	1	4
OG0002348	2	2	4
OG0002349	1	3	4
OG0002350	2	2	4
OG0002351	2	2	4
OG0002352	2	2	4
OG0002353	2	2	4
OG0002354	2	2	4
OG0002355	1	3	4
OG0002356	2	2	4
OG0002357	3	1	4
OG0002358	3	1	4
OG0002359	2	2	4
OG0002360	2	2	4
OG0002361	2	2	4
OG0002362	2	2	4
OG0002363	3	1	4
OG0002364	3	1	4
OG0002365	3	1	4
OG0002366	2	2	4
OG0002367	2	2	4
OG0002368	1	3	4
OG0002369	1	3	4
OG0002370	2	2	4
OG0002371	2	2	4
OG0002372	2	2	4
OG0002373	3	1	4
OG0002374	2	2	4
OG0002375	3	1	4
OG0002376	2	2	4
OG0002377	3	1	4
OG0002378	1	3	4
OG0002379	3	1	4
OG0002380	1	3	4
OG0002381	1	3	4
OG0002382	3	1	4
OG0002383	1	3	4
OG0002384	1	3	4
OG0002385	2	2	4
OG0002386	1	3	4
OG0002387	2	2	4
OG0002388	3	1	4
OG0002389	4	0	4
OG0002390	2	2	4
OG0002391	3	1	4
OG0002392	1	3	4
OG0002393	1	3	4
OG0002394	2	2	4
OG0002395	3	1	4
OG0002396	3	1	4
OG0002397	3	1	4
OG0002398	2	2	4
OG0002399	3	1	4
OG0002400	1	3	4
OG0002401	2	2	4
OG0002402	2	2	4
OG0002403	3	1	4
OG0002404	2	2	4
OG0002405	2	2	4
OG0002406	2	2	4
OG0002407	3	1	4
OG0002408	3	1	4
OG0002409	1	3	4
OG0002410	3	1	4
OG0002411	3	1	4
OG0002412	2	2	4
OG0002413	3	1	4
OG0002414	3	1	4
OG0002415	2	2	4
OG0002416	3	1	4
OG0002417	3	1	4
OG0002418	2	2	4
OG0002419	1	3	4
OG0002420	3	1	4
OG0002421	3	1	4
OG0002422	2	2	4
OG0002423	2	2	4
OG0002424	1	3	4
OG0002425	2	2	4
OG0002426	3	1	4
OG0002427	3	1	4
OG0002428	3	1	4
OG0002429	1	3	4
OG0002430	3	1	4
OG0002431	3	1	4
OG0002432	3	1	4
OG0002433	3	1	4
OG0002434	1	3	4
OG0002435	1	3	4
OG0002436	4	0	4
OG0002437	2	2	4
OG0002438	2	2	4
OG0002439	4	0	4
OG0002440	2	2	4
OG0002441	2	2	4
OG0002442	2	2	4
OG0002443	1	3	4
OG0002444	2	2	4
OG0002445	2	2	4
OG0002446	1	3	4
OG0002447	2	2	4
OG0002448	1	3	4
OG0002449	3	1	4
OG0002450	3	1	4
OG0002451	2	2	4
OG0002452	1	3	4
OG0002453	3	1	4
OG0002454	1	3	4
OG0002455	1	3	4
OG0002456	2	2	4
OG0002457	3	1	4
OG0002458	4	0	4
OG0002459	3	1	4
OG0002460	3	1	4
OG0002461	2	2	4
OG0002462	2	2	4
OG0002463	3	1	4
OG0002464	3	1	4
OG0002465	2	2	4
OG0002466	2	2	4
OG0002467	2	2	4
OG0002468	2	2	4
OG0002469	3	1	4
OG0002470	2	2	4
OG0002471	1	3	4
OG0002472	3	1	4
OG0002473	2	2	4
OG0002474	2	2	4
OG0002475	2	2	4
OG0002476	3	1	4
OG0002477	3	1	4
OG0002478	3	1	4
OG0002479	1	3	4
OG0002480	2	2	4
OG0002481	2	2	4
OG0002482	1	3	4
OG0002483	2	2	4
OG0002484	2	2	4
OG0002485	2	2	4
OG0002486	2	2	4
OG0002487	2	2	4
OG0002488	1	3	4
OG0002489	1	3	4
OG0002490	1	3	4
OG0002491	2	2	4
OG0002492	1	3	4
OG0002493	4	0	4
OG0002494	2	2	4
OG0002495	1	3	4
OG0002496	2	2	4
OG0002497	2	2	4
OG0002498	1	3	4
OG0002499	2	2	4
OG0002500	3	1	4
OG0002501	2	2	4
OG0002502	2	2	4
OG0002503	1	3	4
OG0002504	2	2	4
OG0002505	2	2	4
OG0002506	3	1	4
OG0002507	2	2	4
OG0002508	1	3	4
OG0002509	3	1	4
OG0002510	3	1	4
OG0002511	1	3	4
OG0002512	2	2	4
OG0002513	2	2	4
OG0002514	4	0	4
OG0002515	2	2	4
OG0002516	1	3	4
OG0002517	2	2	4
OG0002518	2	2	4
OG0002519	2	2	4
OG0002520	2	2	4
OG0002521	2	2	4
OG0002522	1	3	4
OG0002523	4	0	4
OG0002524	2	2	4
OG0002525	3	1	4
OG0002526	3	1	4
OG0002527	2	2	4
OG0002528	2	2	4
OG0002529	2	2	4
OG0002530	2	2	4
OG0002531	3	1	4
OG0002532	3	1	4
OG0002533	2	2	4
OG0002534	3	1	4
OG0002535	2	2	4
OG0002536	2	2	4
OG0002537	1	3	4
OG0002538	3	1	4
OG0002539	3	1	4
OG0002540	2	2	4
OG0002541	3	1	4
OG0002542	2	2	4
OG0002543	2	2	4
OG0002544	2	2	4
OG0002545	2	2	4
OG0002546	2	2	4
OG0002547	1	3	4
OG0002548	4	0	4
OG0002549	2	2	4
OG0002550	3	1	4
OG0002551	2	2	4
OG0002552	1	3	4
OG0002553	4	0	4
OG0002554	3	1	4
OG0002555	1	3	4
OG0002556	3	1	4
OG0002557	2	2	4
OG0002558	3	1	4
OG0002559	3	1	4
OG0002560	2	2	4
OG0002561	1	3	4
OG0002562	2	2	4
OG0002563	2	2	4
OG0002564	2	2	4
OG0002565	3	1	4
OG0002566	2	2	4
OG0002567	2	2	4
OG0002568	2	2	4
OG0002569	2	2	4
OG0002570	3	1	4
OG0002571	1	3	4
OG0002572	1	3	4
OG0002573	3	1	4
OG0002574	1	3	4
OG0002575	3	1	4
OG0002576	3	1	4
OG0002577	1	3	4
OG0002578	3	1	4
OG0002579	3	1	4
OG0002580	1	3	4
OG0002581	2	2	4
OG0002582	2	2	4
OG0002583	3	1	4
OG0002584	2	2	4
OG0002585	3	1	4
OG0002586	3	1	4
OG0002587	3	1	4
OG0002588	3	1	4
OG0002589	2	2	4
OG0002590	2	2	4
OG0002591	2	2	4
OG0002592	3	1	4
OG0002593	3	1	4
OG0002594	2	2	4
OG0002595	2	2	4
OG0002596	1	3	4
OG0002597	2	2	4
OG0002598	3	1	4
OG0002599	2	2	4
OG0002600	1	3	4
OG0002601	3	1	4
OG0002602	2	2	4
OG0002603	2	2	4
OG0002604	2	2	4
OG0002605	3	1	4
OG0002606	2	2	4
OG0002607	2	2	4
OG0002608	3	1	4
OG0002609	2	2	4
OG0002610	3	1	4
OG0002611	2	2	4
OG0002612	1	3	4
OG0002613	3	1	4
OG0002614	3	1	4
OG0002615	3	1	4
OG0002616	1	3	4
OG0002617	1	3	4
OG0002618	3	1	4
OG0002619	2	2	4
OG0002620	1	3	4
OG0002621	3	1	4
OG0002622	1	3	4
OG0002623	2	2	4
OG0002624	2	2	4
OG0002625	2	2	4
OG0002626	1	3	4
OG0002627	1	3	4
OG0002628	2	2	4
OG0002629	2	2	4
OG0002630	2	2	4
OG0002631	2	2	4
OG0002632	1	3	4
OG0002633	2	2	4
OG0002634	1	3	4
OG0002635	2	2	4
OG0002636	3	1	4
OG0002637	3	1	4
OG0002638	2	2	4
OG0002639	1	3	4
OG0002640	3	1	4
OG0002641	2	2	4
OG0002642	3	1	4
OG0002643	2	2	4
OG0002644	3	1	4
OG0002645	2	2	4
OG0002646	2	2	4
OG0002647	1	3	4
OG0002648	2	2	4
OG0002649	3	1	4
OG0002650	2	2	4
OG0002651	2	2	4
OG0002652	4	0	4
OG0002653	1	3	4
OG0002654	3	1	4
OG0002655	1	3	4
OG0002656	4	0	4
OG0002657	2	2	4
OG0002658	3	1	4
OG0002659	3	1	4
OG0002660	1	3	4
OG0002661	1	3	4
OG0002662	2	2	4
OG0002663	2	2	4
OG0002664	4	0	4
OG0002665	2	2	4
OG0002666	2	2	4
OG0002667	2	2	4
OG0002668	2	2	4
OG0002669	2	2	4
OG0002670	2	2	4
OG0002671	2	2	4
OG0002672	4	0	4
OG0002673	2	2	4
OG0002674	3	1	4
OG0002675	2	2	4
OG0002676	2	2	4
OG0002677	2	2	4
OG0002678	2	2	4
OG0002679	3	1	4
OG0002680	1	3	4
OG0002681	1	3	4
OG0002682	3	1	4
OG0002683	3	1	4
OG0002684	2	2	4
OG0002685	3	1	4
OG0002686	2	2	4
OG0002687	2	2	4
OG0002688	2	2	4
OG0002689	2	2	4
OG0002690	2	2	4
OG0002691	2	2	4
OG0002692	3	1	4
OG0002693	3	1	4
OG0002694	2	2	4
OG0002695	1	3	4
OG0002696	3	1	4
OG0002697	1	3	4
OG0002698	3	1	4
OG0002699	2	2	4
OG0002700	1	3	4
OG0002701	2	2	4
OG0002702	4	0	4
OG0002703	4	0	4
OG0002704	2	2	4
OG0002705	2	2	4
OG0002706	3	1	4
OG0002707	1	3	4
OG0002708	3	1	4
OG0002709	3	1	4
OG0002710	1	3	4
OG0002711	3	1	4
OG0002712	2	2	4
OG0002713	1	3	4
OG0002714	4	0	4
OG0002715	4	0	4
OG0002716	2	2	4
OG0002717	4	0	4
OG0002718	4	0	4
OG0002719	2	2	4
OG0002720	3	1	4
OG0002721	3	1	4
OG0002722	3	1	4
OG0002723	2	2	4
OG0002724	1	3	4
OG0002725	4	0	4
OG0002726	2	2	4
OG0002727	2	2	4
OG0002728	4	0	4
OG0002729	2	2	4
OG0002730	1	3	4
OG0002731	3	1	4
OG0002732	4	0	4
OG0002733	4	0	4
OG0002734	2	2	4
OG0002735	3	1	4
OG0002736	1	3	4
OG0002737	3	1	4
OG0002738	1	3	4
OG0002739	2	2	4
OG0002740	3	1	4
OG0002741	2	2	4
OG0002742	1	3	4
OG0002743	2	2	4
OG0002744	3	1	4
OG0002745	2	2	4
OG0002746	4	0	4
OG0002747	1	3	4
OG0002748	3	1	4
OG0002749	2	2	4
OG0002750	2	2	4
OG0002751	2	2	4
OG0002752	2	2	4
OG0002753	2	2	4
OG0002754	1	3	4
OG0002755	3	1	4
OG0002756	2	2	4
OG0002757	2	2	4
OG0002758	1	3	4
OG0002759	2	2	4
OG0002760	2	2	4
OG0002761	2	2	4
OG0002762	2	2	4
OG0002763	3	1	4
OG0002764	1	3	4
OG0002765	2	2	4
OG0002766	1	3	4
OG0002767	1	3	4
OG0002768	3	1	4
OG0002769	4	0	4
OG0002770	3	1	4
OG0002771	3	1	4
OG0002772	2	2	4
OG0002773	3	1	4
OG0002774	2	2	4
OG0002775	2	2	4
OG0002776	3	1	4
OG0002777	2	2	4
OG0002778	2	2	4
OG0002779	2	2	4
OG0002780	1	3	4
OG0002781	2	2	4
OG0002782	1	3	4
OG0002783	4	0	4
OG0002784	3	1	4
OG0002785	1	3	4
OG0002786	2	2	4
OG0002787	3	1	4
OG0002788	3	1	4
OG0002789	2	2	4
OG0002790	2	2	4
OG0002791	2	2	4
OG0002792	2	2	4
OG0002793	1	3	4
OG0002794	2	2	4
OG0002795	3	1	4
OG0002796	1	3	4
OG0002797	3	1	4
OG0002798	4	0	4
OG0002799	1	3	4
OG0002800	3	1	4
OG0002801	2	2	4
OG0002802	1	3	4
OG0002803	2	2	4
OG0002804	2	2	4
OG0002805	2	2	4
OG0002806	2	2	4
OG0002807	3	1	4
OG0002808	3	1	4
OG0002809	2	2	4
OG0002810	4	0	4
OG0002811	2	2	4
OG0002812	3	1	4
OG0002813	1	3	4
OG0002814	1	3	4
OG0002815	1	3	4
OG0002816	2	2	4
OG0002817	3	1	4
OG0002818	2	2	4
OG0002819	3	1	4
OG0002820	2	2	4
OG0002821	2	2	4
OG0002822	3	1	4
OG0002823	4	0	4
OG0002824	2	2	4
OG0002825	2	2	4
OG0002826	2	2	4
OG0002827	3	1	4
OG0002828	2	2	4
OG0002829	1	3	4
OG0002830	2	2	4
OG0002831	3	1	4
OG0002832	2	2	4
OG0002833	2	2	4
OG0002834	3	1	4
OG0002835	2	2	4
OG0002836	3	1	4
OG0002837	2	2	4
OG0002838	2	2	4
OG0002839	2	2	4
OG0002840	1	3	4
OG0002841	4	0	4
OG0002842	3	1	4
OG0002843	2	2	4
OG0002844	3	1	4
OG0002845	3	1	4
OG0002846	1	3	4
OG0002847	3	1	4
OG0002848	3	1	4
OG0002849	1	3	4
OG0002850	2	2	4
OG0002851	2	2	4
OG0002852	2	2	4
OG0002853	2	2	4
OG0002854	1	3	4
OG0002855	2	2	4
OG0002856	2	2	4
OG0002857	2	2	4
OG0002858	3	1	4
OG0002859	2	2	4
OG0002860	2	2	4
OG0002861	2	2	4
OG0002862	4	0	4
OG0002863	1	3	4
OG0002864	3	1	4
OG0002865	1	3	4
OG0002866	2	2	4
OG0002867	3	1	4
OG0002868	2	2	4
OG0002869	1	3	4
OG0002870	3	1	4
OG0002871	1	3	4
OG0002872	3	1	4
OG0002873	4	0	4
OG0002874	2	2	4
OG0002875	1	3	4
OG0002876	2	2	4
OG0002877	2	2	4
OG0002878	2	2	4
OG0002879	1	3	4
OG0002880	1	3	4
OG0002881	2	2	4
OG0002882	3	1	4
OG0002883	2	2	4
OG0002884	1	3	4
OG0002885	3	1	4
OG0002886	2	2	4
OG0002887	2	2	4
OG0002888	2	2	4
OG0002889	2	2	4
OG0002890	1	3	4
OG0002891	2	2	4
OG0002892	1	3	4
OG0002893	1	3	4
OG0002894	2	2	4
OG0002895	2	2	4
OG0002896	2	2	4
OG0002897	2	2	4
OG0002898	1	3	4
OG0002899	2	2	4
OG0002900	2	2	4
OG0002901	2	2	4
OG0002902	3	1	4
OG0002903	3	1	4
OG0002904	2	2	4
OG0002905	2	2	4
OG0002906	3	1	4
OG0002907	3	1	4
OG0002908	3	1	4
OG0002909	3	1	4
OG0002910	3	1	4
OG0002911	3	1	4
OG0002912	3	1	4
OG0002913	2	2	4
OG0002914	2	2	4
OG0002915	2	2	4
OG0002916	4	0	4
OG0002917	3	1	4
OG0002918	1	3	4
OG0002919	2	2	4
OG0002920	2	2	4
OG0002921	3	1	4
OG0002922	4	0	4
OG0002923	2	2	4
OG0002924	2	2	4
OG0002925	3	1	4
OG0002926	2	2	4
OG0002927	4	0	4
OG0002928	4	0	4
OG0002929	3	1	4
OG0002930	3	1	4
OG0002931	2	2	4
OG0002932	2	2	4
OG0002933	3	1	4
OG0002934	1	3	4
OG0002935	2	2	4
OG0002936	3	1	4
OG0002937	2	2	4
OG0002938	2	2	4
OG0002939	2	2	4
OG0002940	3	1	4
OG0002941	1	3	4
OG0002942	1	3	4
OG0002943	3	1	4
OG0002944	2	2	4
OG0002945	1	3	4
OG0002946	2	2	4
OG0002947	2	2	4
OG0002948	2	2	4
OG0002949	2	2	4
OG0002950	3	1	4
OG0002951	2	2	4
OG0002952	4	0	4
OG0002953	1	3	4
OG0002954	3	1	4
OG0002955	2	2	4
OG0002956	1	3	4
OG0002957	2	2	4
OG0002958	2	2	4
OG0002959	2	2	4
OG0002960	2	2	4
OG0002961	3	1	4
OG0002962	3	1	4
OG0002963	2	2	4
OG0002964	4	0	4
OG0002965	2	2	4
OG0002966	2	2	4
OG0002967	3	1	4
OG0002968	2	2	4
OG0002969	2	2	4
OG0002970	1	3	4
OG0002971	2	2	4
OG0002972	2	2	4
OG0002973	4	0	4
OG0002974	3	1	4
OG0002975	2	2	4
OG0002976	3	1	4
OG0002977	2	2	4
OG0002978	1	3	4
OG0002979	2	2	4
OG0002980	3	1	4
OG0002981	1	3	4
OG0002982	2	2	4
OG0002983	3	1	4
OG0002984	4	0	4
OG0002985	3	1	4
OG0002986	3	1	4
OG0002987	3	1	4
OG0002988	3	1	4
OG0002989	2	2	4
OG0002990	1	3	4
OG0002991	3	1	4
OG0002992	2	2	4
OG0002993	2	2	4
OG0002994	3	1	4
OG0002995	2	2	4
OG0002996	2	2	4
OG0002997	2	2	4
OG0002998	3	1	4
OG0002999	2	2	4
OG0003000	2	2	4
OG0003001	2	2	4
OG0003002	3	1	4
OG0003003	1	3	4
OG0003004	1	3	4
OG0003005	3	1	4
OG0003006	2	2	4
OG0003007	2	2	4
OG0003008	2	2	4
OG0003009	4	0	4
OG0003010	3	1	4
OG0003011	3	1	4
OG0003012	1	3	4
OG0003013	3	1	4
OG0003014	2	2	4
OG0003015	4	0	4
OG0003016	3	1	4
OG0003017	3	1	4
OG0003018	3	1	4
OG0003019	3	1	4
OG0003020	1	3	4
OG0003021	2	2	4
OG0003022	3	1	4
OG0003023	2	2	4
OG0003024	2	2	4
OG0003025	3	1	4
OG0003026	2	2	4
OG0003027	3	1	4
OG0003028	3	1	4
OG0003029	3	1	4
OG0003030	2	2	4
OG0003031	2	2	4
OG0003032	2	2	4
OG0003033	2	2	4
OG0003034	2	2	4
OG0003035	2	2	4
OG0003036	3	1	4
OG0003037	2	2	4
OG0003038	1	3	4
OG0003039	3	1	4
OG0003040	2	2	4
OG0003041	2	2	4
OG0003042	2	2	4
OG0003043	2	2	4
OG0003044	2	2	4
OG0003045	3	1	4
OG0003046	3	1	4
OG0003047	2	2	4
OG0003048	4	0	4
OG0003049	2	2	4
OG0003050	2	2	4
OG0003051	4	0	4
OG0003052	2	2	4
OG0003053	3	1	4
OG0003054	1	3	4
OG0003055	3	1	4
OG0003056	1	3	4
OG0003057	3	1	4
OG0003058	3	1	4
OG0003059	2	2	4
OG0003060	1	3	4
OG0003061	2	2	4
OG0003062	2	2	4
OG0003063	4	0	4
OG0003064	3	1	4
OG0003065	4	0	4
OG0003066	3	1	4
OG0003067	1	3	4
OG0003068	2	2	4
OG0003069	2	2	4
OG0003070	3	1	4
OG0003071	2	2	4
OG0003072	1	3	4
OG0003073	1	3	4
OG0003074	3	1	4
OG0003075	1	3	4
OG0003076	2	2	4
OG0003077	3	1	4
OG0003078	3	1	4
OG0003079	2	2	4
OG0003080	2	2	4
OG0003081	2	2	4
OG0003082	3	1	4
OG0003083	2	2	4
OG0003084	4	0	4
OG0003085	2	2	4
OG0003086	1	3	4
OG0003087	3	1	4
OG0003088	3	1	4
OG0003089	3	1	4
OG0003090	2	2	4
OG0003091	2	2	4
OG0003092	3	1	4
OG0003093	4	0	4
OG0003094	3	1	4
OG0003095	4	0	4
OG0003096	1	3	4
OG0003097	1	3	4
OG0003098	1	3	4
OG0003099	3	1	4
OG0003100	2	2	4
OG0003101	2	2	4
OG0003102	1	3	4
OG0003103	4	0	4
OG0003104	3	1	4
OG0003105	3	1	4
OG0003106	1	3	4
OG0003107	1	3	4
OG0003108	2	2	4
OG0003109	2	2	4
OG0003110	3	1	4
OG0003111	2	2	4
OG0003112	2	2	4
OG0003113	3	1	4
OG0003114	2	2	4
OG0003115	1	3	4
OG0003116	2	2	4
OG0003117	2	2	4
OG0003118	2	2	4
OG0003119	2	2	4
OG0003120	1	3	4
OG0003121	1	3	4
OG0003122	2	2	4
OG0003123	2	2	4
OG0003124	3	1	4
OG0003125	4	0	4
OG0003126	2	2	4
OG0003127	3	1	4
OG0003128	3	1	4
OG0003129	3	1	4
OG0003130	1	3	4
OG0003131	2	2	4
OG0003132	1	3	4
OG0003133	2	2	4
OG0003134	1	3	4
OG0003135	1	3	4
OG0003136	3	1	4
OG0003137	3	1	4
OG0003138	2	2	4
OG0003139	4	0	4
OG0003140	1	3	4
OG0003141	2	2	4
OG0003142	2	2	4
OG0003143	3	1	4
OG0003144	4	0	4
OG0003145	3	1	4
OG0003146	3	1	4
OG0003147	1	3	4
OG0003148	1	3	4
OG0003149	2	2	4
OG0003150	3	1	4
OG0003151	1	3	4
OG0003152	3	1	4
OG0003153	3	1	4
OG0003154	3	1	4
OG0003155	2	2	4
OG0003156	2	2	4
OG0003157	3	1	4
OG0003158	2	2	4
OG0003159	3	1	4
OG0003160	4	0	4
OG0003161	2	2	4
OG0003162	3	1	4
OG0003163	1	3	4
OG0003164	1	3	4
OG0003165	2	2	4
OG0003166	3	1	4
OG0003167	3	1	4
OG0003168	2	2	4
OG0003169	2	2	4
OG0003170	2	2	4
OG0003171	3	1	4
OG0003172	3	1	4
OG0003173	2	2	4
OG0003174	2	2	4
OG0003175	2	2	4
OG0003176	4	0	4
OG0003177	2	2	4
OG0003178	2	2	4
OG0003179	2	2	4
OG0003180	1	3	4
OG0003181	2	2	4
OG0003182	3	1	4
OG0003183	2	2	4
OG0003184	1	3	4
OG0003185	1	3	4
OG0003186	3	1	4
OG0003187	3	1	4
OG0003188	1	3	4
OG0003189	2	2	4
OG0003190	3	1	4
OG0003191	2	2	4
OG0003192	3	1	4
OG0003193	2	2	4
OG0003194	2	2	4
OG0003195	1	3	4
OG0003196	1	3	4
OG0003197	1	3	4
OG0003198	3	1	4
OG0003199	4	0	4
OG0003200	3	1	4
OG0003201	2	2	4
OG0003202	4	0	4
OG0003203	2	2	4
OG0003204	3	1	4
OG0003205	2	2	4
OG0003206	2	2	4
OG0003207	3	1	4
OG0003208	1	3	4
OG0003209	2	2	4
OG0003210	3	1	4
OG0003211	2	2	4
OG0003212	4	0	4
OG0003213	3	1	4
OG0003214	2	2	4
OG0003215	3	1	4
OG0003216	2	2	4
OG0003217	2	2	4
OG0003218	2	2	4
OG0003219	2	2	4
OG0003220	3	1	4
OG0003221	1	3	4
OG0003222	3	1	4
OG0003223	2	2	4
OG0003224	4	0	4
OG0003225	2	2	4
OG0003226	3	1	4
OG0003227	3	1	4
OG0003228	2	2	4
OG0003229	3	1	4
OG0003230	3	1	4
OG0003231	4	0	4
OG0003232	2	2	4
OG0003233	2	2	4
OG0003234	2	2	4
OG0003235	3	1	4
OG0003236	3	1	4
OG0003237	3	1	4
OG0003238	1	3	4
OG0003239	2	2	4
OG0003240	2	2	4
OG0003241	3	1	4
OG0003242	3	1	4
OG0003243	3	1	4
OG0003244	2	2	4
OG0003245	1	3	4
OG0003246	3	1	4
OG0003247	3	1	4
OG0003248	2	2	4
OG0003249	3	1	4
OG0003250	2	2	4
OG0003251	3	1	4
OG0003252	3	1	4
OG0003253	4	0	4
OG0003254	2	2	4
OG0003255	1	3	4
OG0003256	3	1	4
OG0003257	2	2	4
OG0003258	2	2	4
OG0003259	2	2	4
OG0003260	2	2	4
OG0003261	3	1	4
OG0003262	4	0	4
OG0003263	3	1	4
OG0003264	3	1	4
OG0003265	1	3	4
OG0003266	3	1	4
OG0003267	3	1	4
OG0003268	3	1	4
OG0003269	3	1	4
OG0003270	2	2	4
OG0003271	3	1	4
OG0003272	2	2	4
OG0003273	1	3	4
OG0003274	4	0	4
OG0003275	1	3	4
OG0003276	4	0	4
OG0003277	2	2	4
OG0003278	1	3	4
OG0003279	3	1	4
OG0003280	3	1	4
OG0003281	4	0	4
OG0003282	2	2	4
OG0003283	1	3	4
OG0003284	3	1	4
OG0003285	3	1	4
OG0003286	2	2	4
OG0003287	1	3	4
OG0003288	1	3	4
OG0003289	2	2	4
OG0003290	2	2	4
OG0003291	3	1	4
OG0003292	3	1	4
OG0003293	2	2	4
OG0003294	2	2	4
OG0003295	2	2	4
OG0003296	3	1	4
OG0003297	2	2	4
OG0003298	2	2	4
OG0003299	4	0	4
OG0003300	2	2	4
OG0003301	2	2	4
OG0003302	2	2	4
OG0003303	2	2	4
OG0003304	4	0	4
OG0003305	3	1	4
OG0003306	3	1	4
OG0003307	1	3	4
OG0003308	3	1	4
OG0003309	3	1	4
OG0003310	4	0	4
OG0003311	3	1	4
OG0003312	3	1	4
OG0003313	1	3	4
OG0003314	2	2	4
OG0003315	1	3	4
OG0003316	2	2	4
OG0003317	1	3	4
OG0003318	3	1	4
OG0003319	1	3	4
OG0003320	1	3	4
OG0003321	3	1	4
OG0003322	3	1	4
OG0003323	3	1	4
OG0003324	1	3	4
OG0003325	2	2	4
OG0003326	1	3	4
OG0003327	4	0	4
OG0003328	2	2	4
OG0003329	1	3	4
OG0003330	1	3	4
OG0003331	1	3	4
OG0003332	3	1	4
OG0003333	2	2	4
OG0003334	2	2	4
OG0003335	2	2	4
OG0003336	4	0	4
OG0003337	2	2	4
OG0003338	3	1	4
OG0003339	2	2	4
OG0003340	3	1	4
OG0003341	2	2	4
OG0003342	3	1	4
OG0003343	3	1	4
OG0003344	3	1	4
OG0003345	2	2	4
OG0003346	4	0	4
OG0003347	1	3	4
OG0003348	1	3	4
OG0003349	4	0	4
OG0003350	1	3	4
OG0003351	2	2	4
OG0003352	4	0	4
OG0003353	2	2	4
OG0003354	3	1	4
OG0003355	2	2	4
OG0003356	2	2	4
OG0003357	3	1	4
OG0003358	3	1	4
OG0003359	3	1	4
OG0003360	2	2	4
OG0003361	3	1	4
OG0003362	3	1	4
OG0003363	2	2	4
OG0003364	4	0	4
OG0003365	3	1	4
OG0003366	2	2	4
OG0003367	1	3	4
OG0003368	2	2	4
OG0003369	1	3	4
OG0003370	3	1	4
OG0003371	3	1	4
OG0003372	1	3	4
OG0003373	2	2	4
OG0003374	3	1	4
OG0003375	3	1	4
OG0003376	2	2	4
OG0003377	2	2	4
OG0003378	4	0	4
OG0003379	4	0	4
OG0003380	2	2	4
OG0003381	4	0	4
OG0003382	4	0	4
OG0003383	3	1	4
OG0003384	1	3	4
OG0003385	2	2	4
OG0003386	2	2	4
OG0003387	2	2	4
OG0003388	3	1	4
OG0003389	2	2	4
OG0003390	2	2	4
OG0003391	1	3	4
OG0003392	1	3	4
OG0003393	2	2	4
OG0003394	3	1	4
OG0003395	2	2	4
OG0003396	3	1	4
OG0003397	1	3	4
OG0003398	4	0	4
OG0003399	3	1	4
OG0003400	3	1	4
OG0003401	2	2	4
OG0003402	3	1	4
OG0003403	3	1	4
OG0003404	1	3	4
OG0003405	1	3	4
OG0003406	3	1	4
OG0003407	2	2	4
OG0003408	2	2	4
OG0003409	1	3	4
OG0003410	3	1	4
OG0003411	1	3	4
OG0003412	3	1	4
OG0003413	1	3	4
OG0003414	4	0	4
OG0003415	3	1	4
OG0003416	2	2	4
OG0003417	2	2	4
OG0003418	3	1	4
OG0003419	1	3	4
OG0003420	2	2	4
OG0003421	2	2	4
OG0003422	2	2	4
OG0003423	1	3	4
OG0003424	1	3	4
OG0003425	3	1	4
OG0003426	4	0	4
OG0003427	2	2	4
OG0003428	1	3	4
OG0003429	3	1	4
OG0003430	1	3	4
OG0003431	1	3	4
OG0003432	1	3	4
OG0003433	1	3	4
OG0003434	1	3	4
OG0003435	2	2	4
OG0003436	1	3	4
OG0003437	3	1	4
OG0003438	2	2	4
OG0003439	4	0	4
OG0003440	1	3	4
OG0003441	1	3	4
OG0003442	1	3	4
OG0003443	2	2	4
OG0003444	1	3	4
OG0003445	2	2	4
OG0003446	1	3	4
OG0003447	1	3	4
OG0003448	1	3	4
OG0003449	2	2	4
OG0003450	3	1	4
OG0003451	1	3	4
OG0003452	1	3	4
OG0003453	1	3	4
OG0003454	1	3	4
OG0003455	0	4	4
OG0003456	0	4	4
OG0003457	0	4	4
OG0003458	0	4	4
OG0003459	0	4	4
OG0003460	0	4	4
OG0003461	0	4	4
OG0003462	0	4	4
OG0003463	0	4	4
OG0003464	0	4	4
OG0003465	0	4	4
OG0003466	0	4	4
OG0003467	0	4	4
OG0003468	0	4	4
OG0003469	0	4	4
OG0003470	0	4	4
OG0003471	0	4	4
OG0003472	0	4	4
OG0003473	0	4	4
OG0003474	0	4	4
OG0003475	0	4	4
OG0003476	0	4	4
OG0003477	0	4	4
OG0003478	0	4	4
OG0003479	0	4	4
OG0003480	0	4	4
OG0003481	0	4	4
OG0003482	0	4	4
OG0003483	0	4	4
OG0003484	0	4	4
OG0003485	0	4	4
OG0003486	0	4	4
OG0003487	0	4	4
OG0003488	0	4	4
OG0003489	0	4	4
OG0003490	0	4	4
OG0003491	0	4	4
OG0003492	0	4	4
OG0003493	0	4	4
OG0003494	0	4	4
OG0003495	0	4	4
OG0003496	0	4	4
OG0003497	0	4	4
OG0003498	0	4	4
OG0003499	0	4	4
OG0003500	0	4	4
OG0003501	0	4	4
OG0003502	0	4	4
OG0003503	0	4	4
OG0003504	0	4	4
OG0003505	0	4	4
OG0003506	0	4	4
OG0003507	0	4	4
OG0003508	0	4	4
OG0003509	0	4	4
OG0003510	0	4	4
OG0003511	0	4	4
OG0003512	0	4	4
OG0003513	0	4	4
OG0003514	0	4	4
OG0003515	0	4	4
OG0003516	0	4	4
OG0003517	2	1	3
OG0003518	3	0	3
OG0003519	3	0	3
OG0003520	2	1	3
OG0003521	2	1	3
OG0003522	1	2	3
OG0003523	1	2	3
OG0003524	2	1	3
OG0003525	3	0	3
OG0003526	3	0	3
OG0003527	1	2	3
OG0003528	2	1	3
OG0003529	1	2	3
OG0003530	3	0	3
OG0003531	2	1	3
OG0003532	2	1	3
OG0003533	1	2	3
OG0003534	1	2	3
OG0003535	1	2	3
OG0003536	1	2	3
OG0003537	2	1	3
OG0003538	3	0	3
OG0003539	1	2	3
OG0003540	2	1	3
OG0003541	1	2	3
OG0003542	2	1	3
OG0003543	2	1	3
OG0003544	2	1	3
OG0003545	2	1	3
OG0003546	2	1	3
OG0003547	2	1	3
OG0003548	2	1	3
OG0003549	2	1	3
OG0003550	2	1	3
OG0003551	2	1	3
OG0003552	3	0	3
OG0003553	2	1	3
OG0003554	1	2	3
OG0003555	1	2	3
OG0003556	2	1	3
OG0003557	2	1	3
OG0003558	1	2	3
OG0003559	2	1	3
OG0003560	1	2	3
OG0003561	2	1	3
OG0003562	2	1	3
OG0003563	2	1	3
OG0003564	2	1	3
OG0003565	2	1	3
OG0003566	1	2	3
OG0003567	2	1	3
OG0003568	2	1	3
OG0003569	2	1	3
OG0003570	2	1	3
OG0003571	2	1	3
OG0003572	2	1	3
OG0003573	2	1	3
OG0003574	2	1	3
OG0003575	3	0	3
OG0003576	3	0	3
OG0003577	3	0	3
OG0003578	2	1	3
OG0003579	3	0	3
OG0003580	2	1	3
OG0003581	2	1	3
OG0003582	2	1	3
OG0003583	2	1	3
OG0003584	1	2	3
OG0003585	2	1	3
OG0003586	1	2	3
OG0003587	3	0	3
OG0003588	1	2	3
OG0003589	1	2	3
OG0003590	1	2	3
OG0003591	1	2	3
OG0003592	2	1	3
OG0003593	2	1	3
OG0003594	1	2	3
OG0003595	2	1	3
OG0003596	1	2	3
OG0003597	3	0	3
OG0003598	1	2	3
OG0003599	2	1	3
OG0003600	2	1	3
OG0003601	2	1	3
OG0003602	2	1	3
OG0003603	1	2	3
OG0003604	1	2	3
OG0003605	2	1	3
OG0003606	2	1	3
OG0003607	2	1	3
OG0003608	2	1	3
OG0003609	2	1	3
OG0003610	3	0	3
OG0003611	2	1	3
OG0003612	1	2	3
OG0003613	1	2	3
OG0003614	1	2	3
OG0003615	3	0	3
OG0003616	1	2	3
OG0003617	2	1	3
OG0003618	2	1	3
OG0003619	1	2	3
OG0003620	2	1	3
OG0003621	2	1	3
OG0003622	3	0	3
OG0003623	2	1	3
OG0003624	1	2	3
OG0003625	2	1	3
OG0003626	1	2	3
OG0003627	3	0	3
OG0003628	2	1	3
OG0003629	2	1	3
OG0003630	2	1	3
OG0003631	2	1	3
OG0003632	1	2	3
OG0003633	2	1	3
OG0003634	3	0	3
OG0003635	3	0	3
OG0003636	2	1	3
OG0003637	2	1	3
OG0003638	1	2	3
OG0003639	1	2	3
OG0003640	2	1	3
OG0003641	2	1	3
OG0003642	2	1	3
OG0003643	1	2	3
OG0003644	2	1	3
OG0003645	1	2	3
OG0003646	2	1	3
OG0003647	1	2	3
OG0003648	2	1	3
OG0003649	1	2	3
OG0003650	2	1	3
OG0003651	2	1	3
OG0003652	2	1	3
OG0003653	1	2	3
OG0003654	2	1	3
OG0003655	2	1	3
OG0003656	2	1	3
OG0003657	2	1	3
OG0003658	2	1	3
OG0003659	2	1	3
OG0003660	2	1	3
OG0003661	2	1	3
OG0003662	1	2	3
OG0003663	2	1	3
OG0003664	2	1	3
OG0003665	2	1	3
OG0003666	3	0	3
OG0003667	2	1	3
OG0003668	2	1	3
OG0003669	1	2	3
OG0003670	2	1	3
OG0003671	3	0	3
OG0003672	2	1	3
OG0003673	2	1	3
OG0003674	2	1	3
OG0003675	2	1	3
OG0003676	2	1	3
OG0003677	2	1	3
OG0003678	1	2	3
OG0003679	2	1	3
OG0003680	2	1	3
OG0003681	2	1	3
OG0003682	1	2	3
OG0003683	2	1	3
OG0003684	2	1	3
OG0003685	1	2	3
OG0003686	1	2	3
OG0003687	2	1	3
OG0003688	1	2	3
OG0003689	3	0	3
OG0003690	1	2	3
OG0003691	2	1	3
OG0003692	3	0	3
OG0003693	2	1	3
OG0003694	2	1	3
OG0003695	2	1	3
OG0003696	2	1	3
OG0003697	2	1	3
OG0003698	2	1	3
OG0003699	1	2	3
OG0003700	1	2	3
OG0003701	2	1	3
OG0003702	2	1	3
OG0003703	1	2	3
OG0003704	1	2	3
OG0003705	1	2	3
OG0003706	1	2	3
OG0003707	2	1	3
OG0003708	3	0	3
OG0003709	1	2	3
OG0003710	3	0	3
OG0003711	2	1	3
OG0003712	2	1	3
OG0003713	2	1	3
OG0003714	2	1	3
OG0003715	1	2	3
OG0003716	1	2	3
OG0003717	1	2	3
OG0003718	2	1	3
OG0003719	1	2	3
OG0003720	1	2	3
OG0003721	1	2	3
OG0003722	2	1	3
OG0003723	1	2	3
OG0003724	2	1	3
OG0003725	2	1	3
OG0003726	3	0	3
OG0003727	1	2	3
OG0003728	3	0	3
OG0003729	2	1	3
OG0003730	1	2	3
OG0003731	2	1	3
OG0003732	3	0	3
OG0003733	1	2	3
OG0003734	2	1	3
OG0003735	1	2	3
OG0003736	2	1	3
OG0003737	2	1	3
OG0003738	2	1	3
OG0003739	3	0	3
OG0003740	1	2	3
OG0003741	2	1	3
OG0003742	3	0	3
OG0003743	1	2	3
OG0003744	1	2	3
OG0003745	1	2	3
OG0003746	2	1	3
OG0003747	1	2	3
OG0003748	1	2	3
OG0003749	1	2	3
OG0003750	2	1	3
OG0003751	1	2	3
OG0003752	2	1	3
OG0003753	2	1	3
OG0003754	2	1	3
OG0003755	3	0	3
OG0003756	2	1	3
OG0003757	3	0	3
OG0003758	2	1	3
OG0003759	1	2	3
OG0003760	1	2	3
OG0003761	2	1	3
OG0003762	2	1	3
OG0003763	2	1	3
OG0003764	1	2	3
OG0003765	2	1	3
OG0003766	2	1	3
OG0003767	3	0	3
OG0003768	1	2	3
OG0003769	1	2	3
OG0003770	1	2	3
OG0003771	2	1	3
OG0003772	1	2	3
OG0003773	2	1	3
OG0003774	2	1	3
OG0003775	2	1	3
OG0003776	1	2	3
OG0003777	2	1	3
OG0003778	2	1	3
OG0003779	2	1	3
OG0003780	3	0	3
OG0003781	1	2	3
OG0003782	1	2	3
OG0003783	1	2	3
OG0003784	2	1	3
OG0003785	1	2	3
OG0003786	2	1	3
OG0003787	2	1	3
OG0003788	1	2	3
OG0003789	2	1	3
OG0003790	2	1	3
OG0003791	2	1	3
OG0003792	1	2	3
OG0003793	1	2	3
OG0003794	1	2	3
OG0003795	2	1	3
OG0003796	1	2	3
OG0003797	1	2	3
OG0003798	2	1	3
OG0003799	1	2	3
OG0003800	3	0	3
OG0003801	2	1	3
OG0003802	1	2	3
OG0003803	3	0	3
OG0003804	2	1	3
OG0003805	2	1	3
OG0003806	2	1	3
OG0003807	2	1	3
OG0003808	3	0	3
OG0003809	3	0	3
OG0003810	1	2	3
OG0003811	2	1	3
OG0003812	2	1	3
OG0003813	2	1	3
OG0003814	2	1	3
OG0003815	1	2	3
OG0003816	3	0	3
OG0003817	2	1	3
OG0003818	2	1	3
OG0003819	1	2	3
OG0003820	1	2	3
OG0003821	1	2	3
OG0003822	2	1	3
OG0003823	1	2	3
OG0003824	2	1	3
OG0003825	1	2	3
OG0003826	2	1	3
OG0003827	1	2	3
OG0003828	1	2	3
OG0003829	1	2	3
OG0003830	1	2	3
OG0003831	2	1	3
OG0003832	3	0	3
OG0003833	3	0	3
OG0003834	2	1	3
OG0003835	2	1	3
OG0003836	2	1	3
OG0003837	2	1	3
OG0003838	1	2	3
OG0003839	2	1	3
OG0003840	2	1	3
OG0003841	2	1	3
OG0003842	2	1	3
OG0003843	2	1	3
OG0003844	2	1	3
OG0003845	1	2	3
OG0003846	3	0	3
OG0003847	1	2	3
OG0003848	1	2	3
OG0003849	1	2	3
OG0003850	2	1	3
OG0003851	1	2	3
OG0003852	1	2	3
OG0003853	1	2	3
OG0003854	2	1	3
OG0003855	1	2	3
OG0003856	1	2	3
OG0003857	2	1	3
OG0003858	2	1	3
OG0003859	2	1	3
OG0003860	1	2	3
OG0003861	1	2	3
OG0003862	1	2	3
OG0003863	1	2	3
OG0003864	1	2	3
OG0003865	2	1	3
OG0003866	1	2	3
OG0003867	1	2	3
OG0003868	1	2	3
OG0003869	1	2	3
OG0003870	2	1	3
OG0003871	2	1	3
OG0003872	2	1	3
OG0003873	2	1	3
OG0003874	2	1	3
OG0003875	2	1	3
OG0003876	1	2	3
OG0003877	2	1	3
OG0003878	2	1	3
OG0003879	1	2	3
OG0003880	3	0	3
OG0003881	1	2	3
OG0003882	1	2	3
OG0003883	2	1	3
OG0003884	1	2	3
OG0003885	2	1	3
OG0003886	2	1	3
OG0003887	1	2	3
OG0003888	2	1	3
OG0003889	3	0	3
OG0003890	2	1	3
OG0003891	2	1	3
OG0003892	2	1	3
OG0003893	2	1	3
OG0003894	2	1	3
OG0003895	2	1	3
OG0003896	3	0	3
OG0003897	2	1	3
OG0003898	2	1	3
OG0003899	1	2	3
OG0003900	1	2	3
OG0003901	1	2	3
OG0003902	1	2	3
OG0003903	1	2	3
OG0003904	2	1	3
OG0003905	2	1	3
OG0003906	2	1	3
OG0003907	2	1	3
OG0003908	2	1	3
OG0003909	1	2	3
OG0003910	2	1	3
OG0003911	1	2	3
OG0003912	2	1	3
OG0003913	2	1	3
OG0003914	1	2	3
OG0003915	3	0	3
OG0003916	1	2	3
OG0003917	2	1	3
OG0003918	2	1	3
OG0003919	2	1	3
OG0003920	2	1	3
OG0003921	1	2	3
OG0003922	2	1	3
OG0003923	2	1	3
OG0003924	2	1	3
OG0003925	2	1	3
OG0003926	1	2	3
OG0003927	1	2	3
OG0003928	2	1	3
OG0003929	2	1	3
OG0003930	1	2	3
OG0003931	2	1	3
OG0003932	2	1	3
OG0003933	2	1	3
OG0003934	2	1	3
OG0003935	2	1	3
OG0003936	2	1	3
OG0003937	1	2	3
OG0003938	2	1	3
OG0003939	2	1	3
OG0003940	1	2	3
OG0003941	2	1	3
OG0003942	2	1	3
OG0003943	3	0	3
OG0003944	1	2	3
OG0003945	1	2	3
OG0003946	2	1	3
OG0003947	1	2	3
OG0003948	1	2	3
OG0003949	3	0	3
OG0003950	3	0	3
OG0003951	2	1	3
OG0003952	2	1	3
OG0003953	2	1	3
OG0003954	2	1	3
OG0003955	3	0	3
OG0003956	1	2	3
OG0003957	3	0	3
OG0003958	2	1	3
OG0003959	2	1	3
OG0003960	2	1	3
OG0003961	1	2	3
OG0003962	1	2	3
OG0003963	2	1	3
OG0003964	2	1	3
OG0003965	2	1	3
OG0003966	2	1	3
OG0003967	2	1	3
OG0003968	1	2	3
OG0003969	2	1	3
OG0003970	1	2	3
OG0003971	2	1	3
OG0003972	2	1	3
OG0003973	2	1	3
OG0003974	2	1	3
OG0003975	1	2	3
OG0003976	2	1	3
OG0003977	2	1	3
OG0003978	3	0	3
OG0003979	1	2	3
OG0003980	2	1	3
OG0003981	1	2	3
OG0003982	2	1	3
OG0003983	1	2	3
OG0003984	2	1	3
OG0003985	1	2	3
OG0003986	1	2	3
OG0003987	1	2	3
OG0003988	1	2	3
OG0003989	2	1	3
OG0003990	2	1	3
OG0003991	1	2	3
OG0003992	1	2	3
OG0003993	1	2	3
OG0003994	2	1	3
OG0003995	2	1	3
OG0003996	2	1	3
OG0003997	2	1	3
OG0003998	1	2	3
OG0003999	2	1	3
OG0004000	1	2	3
OG0004001	2	1	3
OG0004002	2	1	3
OG0004003	1	2	3
OG0004004	2	1	3
OG0004005	2	1	3
OG0004006	2	1	3
OG0004007	2	1	3
OG0004008	1	2	3
OG0004009	2	1	3
OG0004010	2	1	3
OG0004011	2	1	3
OG0004012	1	2	3
OG0004013	1	2	3
OG0004014	2	1	3
OG0004015	1	2	3
OG0004016	1	2	3
OG0004017	1	2	3
OG0004018	2	1	3
OG0004019	2	1	3
OG0004020	1	2	3
OG0004021	1	2	3
OG0004022	1	2	3
OG0004023	3	0	3
OG0004024	2	1	3
OG0004025	2	1	3
OG0004026	1	2	3
OG0004027	2	1	3
OG0004028	2	1	3
OG0004029	1	2	3
OG0004030	1	2	3
OG0004031	1	2	3
OG0004032	2	1	3
OG0004033	1	2	3
OG0004034	2	1	3
OG0004035	1	2	3
OG0004036	1	2	3
OG0004037	1	2	3
OG0004038	1	2	3
OG0004039	3	0	3
OG0004040	1	2	3
OG0004041	1	2	3
OG0004042	2	1	3
OG0004043	1	2	3
OG0004044	1	2	3
OG0004045	1	2	3
OG0004046	2	1	3
OG0004047	1	2	3
OG0004048	3	0	3
OG0004049	2	1	3
OG0004050	1	2	3
OG0004051	2	1	3
OG0004052	2	1	3
OG0004053	1	2	3
OG0004054	2	1	3
OG0004055	1	2	3
OG0004056	2	1	3
OG0004057	1	2	3
OG0004058	1	2	3
OG0004059	3	0	3
OG0004060	2	1	3
OG0004061	2	1	3
OG0004062	2	1	3
OG0004063	3	0	3
OG0004064	2	1	3
OG0004065	1	2	3
OG0004066	2	1	3
OG0004067	2	1	3
OG0004068	2	1	3
OG0004069	3	0	3
OG0004070	2	1	3
OG0004071	1	2	3
OG0004072	2	1	3
OG0004073	1	2	3
OG0004074	1	2	3
OG0004075	2	1	3
OG0004076	2	1	3
OG0004077	1	2	3
OG0004078	2	1	3
OG0004079	2	1	3
OG0004080	1	2	3
OG0004081	2	1	3
OG0004082	1	2	3
OG0004083	1	2	3
OG0004084	1	2	3
OG0004085	2	1	3
OG0004086	2	1	3
OG0004087	2	1	3
OG0004088	1	2	3
OG0004089	1	2	3
OG0004090	1	2	3
OG0004091	2	1	3
OG0004092	2	1	3
OG0004093	2	1	3
OG0004094	1	2	3
OG0004095	2	1	3
OG0004096	1	2	3
OG0004097	1	2	3
OG0004098	1	2	3
OG0004099	3	0	3
OG0004100	2	1	3
OG0004101	2	1	3
OG0004102	1	2	3
OG0004103	2	1	3
OG0004104	1	2	3
OG0004105	2	1	3
OG0004106	1	2	3
OG0004107	1	2	3
OG0004108	2	1	3
OG0004109	3	0	3
OG0004110	2	1	3
OG0004111	1	2	3
OG0004112	2	1	3
OG0004113	2	1	3
OG0004114	1	2	3
OG0004115	1	2	3
OG0004116	1	2	3
OG0004117	1	2	3
OG0004118	2	1	3
OG0004119	1	2	3
OG0004120	2	1	3
OG0004121	1	2	3
OG0004122	1	2	3
OG0004123	2	1	3
OG0004124	1	2	3
OG0004125	2	1	3
OG0004126	2	1	3
OG0004127	1	2	3
OG0004128	2	1	3
OG0004129	2	1	3
OG0004130	1	2	3
OG0004131	2	1	3
OG0004132	1	2	3
OG0004133	1	2	3
OG0004134	2	1	3
OG0004135	1	2	3
OG0004136	2	1	3
OG0004137	2	1	3
OG0004138	2	1	3
OG0004139	2	1	3
OG0004140	3	0	3
OG0004141	2	1	3
OG0004142	2	1	3
OG0004143	1	2	3
OG0004144	1	2	3
OG0004145	2	1	3
OG0004146	1	2	3
OG0004147	1	2	3
OG0004148	2	1	3
OG0004149	3	0	3
OG0004150	1	2	3
OG0004151	1	2	3
OG0004152	1	2	3
OG0004153	2	1	3
OG0004154	1	2	3
OG0004155	3	0	3
OG0004156	1	2	3
OG0004157	2	1	3
OG0004158	1	2	3
OG0004159	2	1	3
OG0004160	2	1	3
OG0004161	2	1	3
OG0004162	2	1	3
OG0004163	2	1	3
OG0004164	1	2	3
OG0004165	3	0	3
OG0004166	2	1	3
OG0004167	2	1	3
OG0004168	1	2	3
OG0004169	2	1	3
OG0004170	2	1	3
OG0004171	1	2	3
OG0004172	2	1	3
OG0004173	2	1	3
OG0004174	2	1	3
OG0004175	2	1	3
OG0004176	1	2	3
OG0004177	1	2	3
OG0004178	2	1	3
OG0004179	1	2	3
OG0004180	2	1	3
OG0004181	2	1	3
OG0004182	2	1	3
OG0004183	2	1	3
OG0004184	1	2	3
OG0004185	2	1	3
OG0004186	2	1	3
OG0004187	2	1	3
OG0004188	2	1	3
OG0004189	1	2	3
OG0004190	1	2	3
OG0004191	1	2	3
OG0004192	2	1	3
OG0004193	2	1	3
OG0004194	2	1	3
OG0004195	1	2	3
OG0004196	1	2	3
OG0004197	1	2	3
OG0004198	2	1	3
OG0004199	2	1	3
OG0004200	3	0	3
OG0004201	1	2	3
OG0004202	1	2	3
OG0004203	2	1	3
OG0004204	2	1	3
OG0004205	1	2	3
OG0004206	1	2	3
OG0004207	1	2	3
OG0004208	2	1	3
OG0004209	1	2	3
OG0004210	2	1	3
OG0004211	1	2	3
OG0004212	1	2	3
OG0004213	3	0	3
OG0004214	1	2	3
OG0004215	1	2	3
OG0004216	2	1	3
OG0004217	1	2	3
OG0004218	2	1	3
OG0004219	2	1	3
OG0004220	2	1	3
OG0004221	3	0	3
OG0004222	2	1	3
OG0004223	3	0	3
OG0004224	1	2	3
OG0004225	2	1	3
OG0004226	2	1	3
OG0004227	2	1	3
OG0004228	2	1	3
OG0004229	2	1	3
OG0004230	2	1	3
OG0004231	2	1	3
OG0004232	2	1	3
OG0004233	2	1	3
OG0004234	2	1	3
OG0004235	3	0	3
OG0004236	2	1	3
OG0004237	2	1	3
OG0004238	1	2	3
OG0004239	2	1	3
OG0004240	2	1	3
OG0004241	2	1	3
OG0004242	2	1	3
OG0004243	2	1	3
OG0004244	1	2	3
OG0004245	2	1	3
OG0004246	2	1	3
OG0004247	2	1	3
OG0004248	3	0	3
OG0004249	2	1	3
OG0004250	2	1	3
OG0004251	2	1	3
OG0004252	2	1	3
OG0004253	1	2	3
OG0004254	2	1	3
OG0004255	2	1	3
OG0004256	1	2	3
OG0004257	2	1	3
OG0004258	2	1	3
OG0004259	1	2	3
OG0004260	2	1	3
OG0004261	1	2	3
OG0004262	1	2	3
OG0004263	1	2	3
OG0004264	1	2	3
OG0004265	2	1	3
OG0004266	2	1	3
OG0004267	1	2	3
OG0004268	1	2	3
OG0004269	2	1	3
OG0004270	2	1	3
OG0004271	1	2	3
OG0004272	1	2	3
OG0004273	2	1	3
OG0004274	2	1	3
OG0004275	2	1	3
OG0004276	1	2	3
OG0004277	2	1	3
OG0004278	1	2	3
OG0004279	1	2	3
OG0004280	1	2	3
OG0004281	1	2	3
OG0004282	2	1	3
OG0004283	1	2	3
OG0004284	2	1	3
OG0004285	1	2	3
OG0004286	1	2	3
OG0004287	2	1	3
OG0004288	2	1	3
OG0004289	1	2	3
OG0004290	2	1	3
OG0004291	2	1	3
OG0004292	2	1	3
OG0004293	1	2	3
OG0004294	2	1	3
OG0004295	1	2	3
OG0004296	1	2	3
OG0004297	1	2	3
OG0004298	2	1	3
OG0004299	2	1	3
OG0004300	1	2	3
OG0004301	1	2	3
OG0004302	2	1	3
OG0004303	1	2	3
OG0004304	1	2	3
OG0004305	1	2	3
OG0004306	2	1	3
OG0004307	1	2	3
OG0004308	1	2	3
OG0004309	2	1	3
OG0004310	2	1	3
OG0004311	2	1	3
OG0004312	1	2	3
OG0004313	2	1	3
OG0004314	1	2	3
OG0004315	2	1	3
OG0004316	1	2	3
OG0004317	2	1	3
OG0004318	2	1	3
OG0004319	1	2	3
OG0004320	1	2	3
OG0004321	1	2	3
OG0004322	2	1	3
OG0004323	1	2	3
OG0004324	1	2	3
OG0004325	1	2	3
OG0004326	2	1	3
OG0004327	1	2	3
OG0004328	1	2	3
OG0004329	2	1	3
OG0004330	2	1	3
OG0004331	2	1	3
OG0004332	2	1	3
OG0004333	1	2	3
OG0004334	2	1	3
OG0004335	1	2	3
OG0004336	1	2	3
OG0004337	2	1	3
OG0004338	2	1	3
OG0004339	2	1	3
OG0004340	1	2	3
OG0004341	1	2	3
OG0004342	2	1	3
OG0004343	2	1	3
OG0004344	1	2	3
OG0004345	2	1	3
OG0004346	1	2	3
OG0004347	1	2	3
OG0004348	1	2	3
OG0004349	2	1	3
OG0004350	1	2	3
OG0004351	2	1	3
OG0004352	2	1	3
OG0004353	2	1	3
OG0004354	1	2	3
OG0004355	2	1	3
OG0004356	2	1	3
OG0004357	2	1	3
OG0004358	1	2	3
OG0004359	1	2	3
OG0004360	1	2	3
OG0004361	1	2	3
OG0004362	2	1	3
OG0004363	2	1	3
OG0004364	1	2	3
OG0004365	3	0	3
OG0004366	2	1	3
OG0004367	2	1	3
OG0004368	1	2	3
OG0004369	2	1	3
OG0004370	1	2	3
OG0004371	2	1	3
OG0004372	2	1	3
OG0004373	3	0	3
OG0004374	1	2	3
OG0004375	2	1	3
OG0004376	2	1	3
OG0004377	2	1	3
OG0004378	2	1	3
OG0004379	1	2	3
OG0004380	2	1	3
OG0004381	1	2	3
OG0004382	1	2	3
OG0004383	1	2	3
OG0004384	2	1	3
OG0004385	3	0	3
OG0004386	2	1	3
OG0004387	1	2	3
OG0004388	1	2	3
OG0004389	2	1	3
OG0004390	1	2	3
OG0004391	1	2	3
OG0004392	2	1	3
OG0004393	2	1	3
OG0004394	2	1	3
OG0004395	2	1	3
OG0004396	1	2	3
OG0004397	1	2	3
OG0004398	1	2	3
OG0004399	1	2	3
OG0004400	2	1	3
OG0004401	1	2	3
OG0004402	1	2	3
OG0004403	1	2	3
OG0004404	1	2	3
OG0004405	2	1	3
OG0004406	2	1	3
OG0004407	2	1	3
OG0004408	2	1	3
OG0004409	2	1	3
OG0004410	2	1	3
OG0004411	1	2	3
OG0004412	1	2	3
OG0004413	1	2	3
OG0004414	2	1	3
OG0004415	1	2	3
OG0004416	2	1	3
OG0004417	1	2	3
OG0004418	1	2	3
OG0004419	1	2	3
OG0004420	2	1	3
OG0004421	2	1	3
OG0004422	2	1	3
OG0004423	1	2	3
OG0004424	1	2	3
OG0004425	1	2	3
OG0004426	2	1	3
OG0004427	2	1	3
OG0004428	1	2	3
OG0004429	1	2	3
OG0004430	1	2	3
OG0004431	1	2	3
OG0004432	1	2	3
OG0004433	2	1	3
OG0004434	2	1	3
OG0004435	2	1	3
OG0004436	2	1	3
OG0004437	1	2	3
OG0004438	2	1	3
OG0004439	1	2	3
OG0004440	1	2	3
OG0004441	2	1	3
OG0004442	2	1	3
OG0004443	2	1	3
OG0004444	2	1	3
OG0004445	2	1	3
OG0004446	1	2	3
OG0004447	1	2	3
OG0004448	1	2	3
OG0004449	1	2	3
OG0004450	2	1	3
OG0004451	2	1	3
OG0004452	2	1	3
OG0004453	1	2	3
OG0004454	2	1	3
OG0004455	2	1	3
OG0004456	1	2	3
OG0004457	1	2	3
OG0004458	2	1	3
OG0004459	1	2	3
OG0004460	2	1	3
OG0004461	1	2	3
OG0004462	2	1	3
OG0004463	1	2	3
OG0004464	2	1	3
OG0004465	1	2	3
OG0004466	2	1	3
OG0004467	2	1	3
OG0004468	2	1	3
OG0004469	2	1	3
OG0004470	2	1	3
OG0004471	2	1	3
OG0004472	1	2	3
OG0004473	2	1	3
OG0004474	1	2	3
OG0004475	1	2	3
OG0004476	2	1	3
OG0004477	2	1	3
OG0004478	1	2	3
OG0004479	2	1	3
OG0004480	1	2	3
OG0004481	1	2	3
OG0004482	2	1	3
OG0004483	1	2	3
OG0004484	2	1	3
OG0004485	2	1	3
OG0004486	2	1	3
OG0004487	2	1	3
OG0004488	2	1	3
OG0004489	2	1	3
OG0004490	1	2	3
OG0004491	2	1	3
OG0004492	2	1	3
OG0004493	2	1	3
OG0004494	2	1	3
OG0004495	2	1	3
OG0004496	2	1	3
OG0004497	1	2	3
OG0004498	1	2	3
OG0004499	1	2	3
OG0004500	2	1	3
OG0004501	2	1	3
OG0004502	1	2	3
OG0004503	2	1	3
OG0004504	1	2	3
OG0004505	1	2	3
OG0004506	2	1	3
OG0004507	2	1	3
OG0004508	2	1	3
OG0004509	2	1	3
OG0004510	2	1	3
OG0004511	2	1	3
OG0004512	1	2	3
OG0004513	1	2	3
OG0004514	1	2	3
OG0004515	1	2	3
OG0004516	2	1	3
OG0004517	2	1	3
OG0004518	2	1	3
OG0004519	2	1	3
OG0004520	2	1	3
OG0004521	2	1	3
OG0004522	2	1	3
OG0004523	1	2	3
OG0004524	2	1	3
OG0004525	1	2	3
OG0004526	1	2	3
OG0004527	1	2	3
OG0004528	1	2	3
OG0004529	2	1	3
OG0004530	2	1	3
OG0004531	2	1	3
OG0004532	1	2	3
OG0004533	2	1	3
OG0004534	1	2	3
OG0004535	2	1	3
OG0004536	3	0	3
OG0004537	1	2	3
OG0004538	1	2	3
OG0004539	2	1	3
OG0004540	1	2	3
OG0004541	2	1	3
OG0004542	1	2	3
OG0004543	2	1	3
OG0004544	1	2	3
OG0004545	2	1	3
OG0004546	2	1	3
OG0004547	3	0	3
OG0004548	1	2	3
OG0004549	2	1	3
OG0004550	2	1	3
OG0004551	1	2	3
OG0004552	3	0	3
OG0004553	2	1	3
OG0004554	2	1	3
OG0004555	2	1	3
OG0004556	1	2	3
OG0004557	1	2	3
OG0004558	2	1	3
OG0004559	2	1	3
OG0004560	1	2	3
OG0004561	2	1	3
OG0004562	1	2	3
OG0004563	1	2	3
OG0004564	1	2	3
OG0004565	1	2	3
OG0004566	2	1	3
OG0004567	2	1	3
OG0004568	2	1	3
OG0004569	3	0	3
OG0004570	1	2	3
OG0004571	1	2	3
OG0004572	2	1	3
OG0004573	2	1	3
OG0004574	2	1	3
OG0004575	1	2	3
OG0004576	2	1	3
OG0004577	2	1	3
OG0004578	1	2	3
OG0004579	2	1	3
OG0004580	1	2	3
OG0004581	2	1	3
OG0004582	1	2	3
OG0004583	1	2	3
OG0004584	2	1	3
OG0004585	2	1	3
OG0004586	2	1	3
OG0004587	2	1	3
OG0004588	2	1	3
OG0004589	2	1	3
OG0004590	1	2	3
OG0004591	2	1	3
OG0004592	2	1	3
OG0004593	1	2	3
OG0004594	2	1	3
OG0004595	1	2	3
OG0004596	3	0	3
OG0004597	1	2	3
OG0004598	1	2	3
OG0004599	2	1	3
OG0004600	2	1	3
OG0004601	1	2	3
OG0004602	3	0	3
OG0004603	2	1	3
OG0004604	1	2	3
OG0004605	2	1	3
OG0004606	2	1	3
OG0004607	2	1	3
OG0004608	3	0	3
OG0004609	1	2	3
OG0004610	2	1	3
OG0004611	3	0	3
OG0004612	1	2	3
OG0004613	2	1	3
OG0004614	2	1	3
OG0004615	1	2	3
OG0004616	2	1	3
OG0004617	1	2	3
OG0004618	2	1	3
OG0004619	1	2	3
OG0004620	2	1	3
OG0004621	1	2	3
OG0004622	2	1	3
OG0004623	1	2	3
OG0004624	2	1	3
OG0004625	1	2	3
OG0004626	2	1	3
OG0004627	1	2	3
OG0004628	2	1	3
OG0004629	1	2	3
OG0004630	1	2	3
OG0004631	3	0	3
OG0004632	1	2	3
OG0004633	1	2	3
OG0004634	1	2	3
OG0004635	2	1	3
OG0004636	2	1	3
OG0004637	2	1	3
OG0004638	1	2	3
OG0004639	2	1	3
OG0004640	1	2	3
OG0004641	1	2	3
OG0004642	1	2	3
OG0004643	3	0	3
OG0004644	1	2	3
OG0004645	2	1	3
OG0004646	3	0	3
OG0004647	1	2	3
OG0004648	2	1	3
OG0004649	2	1	3
OG0004650	2	1	3
OG0004651	1	2	3
OG0004652	2	1	3
OG0004653	1	2	3
OG0004654	2	1	3
OG0004655	2	1	3
OG0004656	1	2	3
OG0004657	2	1	3
OG0004658	2	1	3
OG0004659	1	2	3
OG0004660	1	2	3
OG0004661	1	2	3
OG0004662	1	2	3
OG0004663	2	1	3
OG0004664	2	1	3
OG0004665	2	1	3
OG0004666	2	1	3
OG0004667	1	2	3
OG0004668	2	1	3
OG0004669	2	1	3
OG0004670	2	1	3
OG0004671	2	1	3
OG0004672	2	1	3
OG0004673	2	1	3
OG0004674	2	1	3
OG0004675	2	1	3
OG0004676	2	1	3
OG0004677	1	2	3
OG0004678	3	0	3
OG0004679	1	2	3
OG0004680	1	2	3
OG0004681	2	1	3
OG0004682	1	2	3
OG0004683	2	1	3
OG0004684	2	1	3
OG0004685	1	2	3
OG0004686	2	1	3
OG0004687	1	2	3
OG0004688	2	1	3
OG0004689	2	1	3
OG0004690	2	1	3
OG0004691	1	2	3
OG0004692	2	1	3
OG0004693	2	1	3
OG0004694	2	1	3
OG0004695	2	1	3
OG0004696	1	2	3
OG0004697	1	2	3
OG0004698	1	2	3
OG0004699	2	1	3
OG0004700	2	1	3
OG0004701	2	1	3
OG0004702	2	1	3
OG0004703	2	1	3
OG0004704	2	1	3
OG0004705	1	2	3
OG0004706	1	2	3
OG0004707	2	1	3
OG0004708	2	1	3
OG0004709	1	2	3
OG0004710	2	1	3
OG0004711	1	2	3
OG0004712	1	2	3
OG0004713	1	2	3
OG0004714	1	2	3
OG0004715	1	2	3
OG0004716	1	2	3
OG0004717	2	1	3
OG0004718	2	1	3
OG0004719	2	1	3
OG0004720	2	1	3
OG0004721	1	2	3
OG0004722	1	2	3
OG0004723	1	2	3
OG0004724	3	0	3
OG0004725	2	1	3
OG0004726	2	1	3
OG0004727	2	1	3
OG0004728	2	1	3
OG0004729	1	2	3
OG0004730	2	1	3
OG0004731	3	0	3
OG0004732	2	1	3
OG0004733	2	1	3
OG0004734	2	1	3
OG0004735	2	1	3
OG0004736	2	1	3
OG0004737	3	0	3
OG0004738	2	1	3
OG0004739	1	2	3
OG0004740	2	1	3
OG0004741	2	1	3
OG0004742	1	2	3
OG0004743	1	2	3
OG0004744	1	2	3
OG0004745	1	2	3
OG0004746	1	2	3
OG0004747	1	2	3
OG0004748	1	2	3
OG0004749	1	2	3
OG0004750	1	2	3
OG0004751	1	2	3
OG0004752	1	2	3
OG0004753	2	1	3
OG0004754	2	1	3
OG0004755	1	2	3
OG0004756	1	2	3
OG0004757	1	2	3
OG0004758	3	0	3
OG0004759	1	2	3
OG0004760	2	1	3
OG0004761	1	2	3
OG0004762	2	1	3
OG0004763	2	1	3
OG0004764	2	1	3
OG0004765	2	1	3
OG0004766	2	1	3
OG0004767	2	1	3
OG0004768	2	1	3
OG0004769	2	1	3
OG0004770	2	1	3
OG0004771	1	2	3
OG0004772	1	2	3
OG0004773	1	2	3
OG0004774	2	1	3
OG0004775	1	2	3
OG0004776	2	1	3
OG0004777	1	2	3
OG0004778	3	0	3
OG0004779	2	1	3
OG0004780	2	1	3
OG0004781	1	2	3
OG0004782	2	1	3
OG0004783	1	2	3
OG0004784	2	1	3
OG0004785	1	2	3
OG0004786	1	2	3
OG0004787	2	1	3
OG0004788	1	2	3
OG0004789	1	2	3
OG0004790	1	2	3
OG0004791	1	2	3
OG0004792	2	1	3
OG0004793	2	1	3
OG0004794	1	2	3
OG0004795	1	2	3
OG0004796	2	1	3
OG0004797	1	2	3
OG0004798	2	1	3
OG0004799	1	2	3
OG0004800	3	0	3
OG0004801	1	2	3
OG0004802	1	2	3
OG0004803	2	1	3
OG0004804	2	1	3
OG0004805	2	1	3
OG0004806	1	2	3
OG0004807	1	2	3
OG0004808	3	0	3
OG0004809	2	1	3
OG0004810	1	2	3
OG0004811	2	1	3
OG0004812	2	1	3
OG0004813	2	1	3
OG0004814	2	1	3
OG0004815	2	1	3
OG0004816	1	2	3
OG0004817	2	1	3
OG0004818	2	1	3
OG0004819	2	1	3
OG0004820	1	2	3
OG0004821	2	1	3
OG0004822	2	1	3
OG0004823	2	1	3
OG0004824	2	1	3
OG0004825	1	2	3
OG0004826	2	1	3
OG0004827	2	1	3
OG0004828	2	1	3
OG0004829	2	1	3
OG0004830	2	1	3
OG0004831	1	2	3
OG0004832	1	2	3
OG0004833	1	2	3
OG0004834	2	1	3
OG0004835	2	1	3
OG0004836	2	1	3
OG0004837	1	2	3
OG0004838	1	2	3
OG0004839	2	1	3
OG0004840	1	2	3
OG0004841	1	2	3
OG0004842	2	1	3
OG0004843	1	2	3
OG0004844	1	2	3
OG0004845	1	2	3
OG0004846	2	1	3
OG0004847	1	2	3
OG0004848	2	1	3
OG0004849	1	2	3
OG0004850	1	2	3
OG0004851	2	1	3
OG0004852	2	1	3
OG0004853	2	1	3
OG0004854	1	2	3
OG0004855	2	1	3
OG0004856	2	1	3
OG0004857	3	0	3
OG0004858	2	1	3
OG0004859	2	1	3
OG0004860	2	1	3
OG0004861	1	2	3
OG0004862	1	2	3
OG0004863	1	2	3
OG0004864	1	2	3
OG0004865	1	2	3
OG0004866	2	1	3
OG0004867	2	1	3
OG0004868	1	2	3
OG0004869	2	1	3
OG0004870	2	1	3
OG0004871	1	2	3
OG0004872	2	1	3
OG0004873	1	2	3
OG0004874	2	1	3
OG0004875	3	0	3
OG0004876	1	2	3
OG0004877	2	1	3
OG0004878	2	1	3
OG0004879	1	2	3
OG0004880	3	0	3
OG0004881	3	0	3
OG0004882	2	1	3
OG0004883	2	1	3
OG0004884	2	1	3
OG0004885	2	1	3
OG0004886	2	1	3
OG0004887	1	2	3
OG0004888	1	2	3
OG0004889	2	1	3
OG0004890	3	0	3
OG0004891	2	1	3
OG0004892	2	1	3
OG0004893	1	2	3
OG0004894	3	0	3
OG0004895	1	2	3
OG0004896	1	2	3
OG0004897	1	2	3
OG0004898	1	2	3
OG0004899	2	1	3
OG0004900	2	1	3
OG0004901	1	2	3
OG0004902	2	1	3
OG0004903	1	2	3
OG0004904	1	2	3
OG0004905	3	0	3
OG0004906	1	2	3
OG0004907	2	1	3
OG0004908	2	1	3
OG0004909	2	1	3
OG0004910	2	1	3
OG0004911	2	1	3
OG0004912	2	1	3
OG0004913	2	1	3
OG0004914	2	1	3
OG0004915	1	2	3
OG0004916	2	1	3
OG0004917	1	2	3
OG0004918	2	1	3
OG0004919	2	1	3
OG0004920	2	1	3
OG0004921	3	0	3
OG0004922	2	1	3
OG0004923	2	1	3
OG0004924	2	1	3
OG0004925	1	2	3
OG0004926	1	2	3
OG0004927	2	1	3
OG0004928	2	1	3
OG0004929	2	1	3
OG0004930	1	2	3
OG0004931	2	1	3
OG0004932	2	1	3
OG0004933	1	2	3
OG0004934	2	1	3
OG0004935	1	2	3
OG0004936	2	1	3
OG0004937	3	0	3
OG0004938	3	0	3
OG0004939	2	1	3
OG0004940	3	0	3
OG0004941	1	2	3
OG0004942	2	1	3
OG0004943	1	2	3
OG0004944	1	2	3
OG0004945	2	1	3
OG0004946	2	1	3
OG0004947	1	2	3
OG0004948	1	2	3
OG0004949	1	2	3
OG0004950	2	1	3
OG0004951	1	2	3
OG0004952	2	1	3
OG0004953	2	1	3
OG0004954	2	1	3
OG0004955	2	1	3
OG0004956	2	1	3
OG0004957	2	1	3
OG0004958	2	1	3
OG0004959	1	2	3
OG0004960	2	1	3
OG0004961	1	2	3
OG0004962	2	1	3
OG0004963	2	1	3
OG0004964	1	2	3
OG0004965	1	2	3
OG0004966	2	1	3
OG0004967	2	1	3
OG0004968	2	1	3
OG0004969	1	2	3
OG0004970	2	1	3
OG0004971	1	2	3
OG0004972	1	2	3
OG0004973	1	2	3
OG0004974	1	2	3
OG0004975	2	1	3
OG0004976	1	2	3
OG0004977	1	2	3
OG0004978	3	0	3
OG0004979	2	1	3
OG0004980	1	2	3
OG0004981	2	1	3
OG0004982	2	1	3
OG0004983	1	2	3
OG0004984	2	1	3
OG0004985	1	2	3
OG0004986	2	1	3
OG0004987	2	1	3
OG0004988	2	1	3
OG0004989	2	1	3
OG0004990	2	1	3
OG0004991	1	2	3
OG0004992	1	2	3
OG0004993	1	2	3
OG0004994	2	1	3
OG0004995	1	2	3
OG0004996	1	2	3
OG0004997	3	0	3
OG0004998	2	1	3
OG0004999	3	0	3
OG0005000	1	2	3
OG0005001	2	1	3
OG0005002	2	1	3
OG0005003	1	2	3
OG0005004	1	2	3
OG0005005	1	2	3
OG0005006	1	2	3
OG0005007	2	1	3
OG0005008	1	2	3
OG0005009	2	1	3
OG0005010	2	1	3
OG0005011	2	1	3
OG0005012	2	1	3
OG0005013	2	1	3
OG0005014	1	2	3
OG0005015	2	1	3
OG0005016	2	1	3
OG0005017	1	2	3
OG0005018	1	2	3
OG0005019	2	1	3
OG0005020	1	2	3
OG0005021	1	2	3
OG0005022	2	1	3
OG0005023	1	2	3
OG0005024	1	2	3
OG0005025	1	2	3
OG0005026	2	1	3
OG0005027	1	2	3
OG0005028	1	2	3
OG0005029	3	0	3
OG0005030	2	1	3
OG0005031	2	1	3
OG0005032	1	2	3
OG0005033	2	1	3
OG0005034	1	2	3
OG0005035	1	2	3
OG0005036	1	2	3
OG0005037	2	1	3
OG0005038	2	1	3
OG0005039	1	2	3
OG0005040	2	1	3
OG0005041	1	2	3
OG0005042	2	1	3
OG0005043	1	2	3
OG0005044	2	1	3
OG0005045	2	1	3
OG0005046	2	1	3
OG0005047	2	1	3
OG0005048	3	0	3
OG0005049	1	2	3
OG0005050	1	2	3
OG0005051	2	1	3
OG0005052	1	2	3
OG0005053	2	1	3
OG0005054	2	1	3
OG0005055	1	2	3
OG0005056	1	2	3
OG0005057	2	1	3
OG0005058	2	1	3
OG0005059	3	0	3
OG0005060	2	1	3
OG0005061	2	1	3
OG0005062	2	1	3
OG0005063	1	2	3
OG0005064	2	1	3
OG0005065	2	1	3
OG0005066	2	1	3
OG0005067	2	1	3
OG0005068	2	1	3
OG0005069	2	1	3
OG0005070	2	1	3
OG0005071	2	1	3
OG0005072	2	1	3
OG0005073	1	2	3
OG0005074	2	1	3
OG0005075	1	2	3
OG0005076	1	2	3
OG0005077	2	1	3
OG0005078	1	2	3
OG0005079	1	2	3
OG0005080	2	1	3
OG0005081	2	1	3
OG0005082	1	2	3
OG0005083	2	1	3
OG0005084	2	1	3
OG0005085	1	2	3
OG0005086	2	1	3
OG0005087	2	1	3
OG0005088	2	1	3
OG0005089	1	2	3
OG0005090	1	2	3
OG0005091	3	0	3
OG0005092	2	1	3
OG0005093	1	2	3
OG0005094	2	1	3
OG0005095	3	0	3
OG0005096	2	1	3
OG0005097	2	1	3
OG0005098	1	2	3
OG0005099	2	1	3
OG0005100	1	2	3
OG0005101	2	1	3
OG0005102	2	1	3
OG0005103	2	1	3
OG0005104	2	1	3
OG0005105	1	2	3
OG0005106	2	1	3
OG0005107	2	1	3
OG0005108	2	1	3
OG0005109	1	2	3
OG0005110	1	2	3
OG0005111	3	0	3
OG0005112	1	2	3
OG0005113	2	1	3
OG0005114	2	1	3
OG0005115	2	1	3
OG0005116	2	1	3
OG0005117	2	1	3
OG0005118	2	1	3
OG0005119	2	1	3
OG0005120	2	1	3
OG0005121	1	2	3
OG0005122	2	1	3
OG0005123	1	2	3
OG0005124	2	1	3
OG0005125	2	1	3
OG0005126	1	2	3
OG0005127	2	1	3
OG0005128	1	2	3
OG0005129	1	2	3
OG0005130	1	2	3
OG0005131	1	2	3
OG0005132	2	1	3
OG0005133	1	2	3
OG0005134	1	2	3
OG0005135	1	2	3
OG0005136	2	1	3
OG0005137	1	2	3
OG0005138	2	1	3
OG0005139	1	2	3
OG0005140	1	2	3
OG0005141	1	2	3
OG0005142	2	1	3
OG0005143	2	1	3
OG0005144	2	1	3
OG0005145	2	1	3
OG0005146	1	2	3
OG0005147	1	2	3
OG0005148	1	2	3
OG0005149	2	1	3
OG0005150	2	1	3
OG0005151	1	2	3
OG0005152	3	0	3
OG0005153	1	2	3
OG0005154	1	2	3
OG0005155	2	1	3
OG0005156	1	2	3
OG0005157	1	2	3
OG0005158	1	2	3
OG0005159	3	0	3
OG0005160	1	2	3
OG0005161	2	1	3
OG0005162	2	1	3
OG0005163	2	1	3
OG0005164	3	0	3
OG0005165	2	1	3
OG0005166	1	2	3
OG0005167	2	1	3
OG0005168	2	1	3
OG0005169	2	1	3
OG0005170	1	2	3
OG0005171	2	1	3
OG0005172	2	1	3
OG0005173	2	1	3
OG0005174	3	0	3
OG0005175	1	2	3
OG0005176	1	2	3
OG0005177	1	2	3
OG0005178	2	1	3
OG0005179	2	1	3
OG0005180	1	2	3
OG0005181	2	1	3
OG0005182	1	2	3
OG0005183	2	1	3
OG0005184	2	1	3
OG0005185	2	1	3
OG0005186	1	2	3
OG0005187	2	1	3
OG0005188	1	2	3
OG0005189	1	2	3
OG0005190	2	1	3
OG0005191	1	2	3
OG0005192	2	1	3
OG0005193	2	1	3
OG0005194	2	1	3
OG0005195	2	1	3
OG0005196	2	1	3
OG0005197	1	2	3
OG0005198	2	1	3
OG0005199	2	1	3
OG0005200	2	1	3
OG0005201	1	2	3
OG0005202	2	1	3
OG0005203	1	2	3
OG0005204	1	2	3
OG0005205	1	2	3
OG0005206	1	2	3
OG0005207	2	1	3
OG0005208	2	1	3
OG0005209	2	1	3
OG0005210	2	1	3
OG0005211	1	2	3
OG0005212	1	2	3
OG0005213	2	1	3
OG0005214	2	1	3
OG0005215	1	2	3
OG0005216	2	1	3
OG0005217	1	2	3
OG0005218	2	1	3
OG0005219	2	1	3
OG0005220	1	2	3
OG0005221	2	1	3
OG0005222	2	1	3
OG0005223	2	1	3
OG0005224	2	1	3
OG0005225	2	1	3
OG0005226	2	1	3
OG0005227	1	2	3
OG0005228	3	0	3
OG0005229	2	1	3
OG0005230	2	1	3
OG0005231	2	1	3
OG0005232	2	1	3
OG0005233	1	2	3
OG0005234	1	2	3
OG0005235	3	0	3
OG0005236	1	2	3
OG0005237	1	2	3
OG0005238	2	1	3
OG0005239	2	1	3
OG0005240	1	2	3
OG0005241	1	2	3
OG0005242	1	2	3
OG0005243	2	1	3
OG0005244	1	2	3
OG0005245	3	0	3
OG0005246	1	2	3
OG0005247	1	2	3
OG0005248	3	0	3
OG0005249	2	1	3
OG0005250	1	2	3
OG0005251	2	1	3
OG0005252	2	1	3
OG0005253	2	1	3
OG0005254	2	1	3
OG0005255	2	1	3
OG0005256	2	1	3
OG0005257	2	1	3
OG0005258	3	0	3
OG0005259	1	2	3
OG0005260	2	1	3
OG0005261	2	1	3
OG0005262	1	2	3
OG0005263	2	1	3
OG0005264	1	2	3
OG0005265	1	2	3
OG0005266	2	1	3
OG0005267	2	1	3
OG0005268	1	2	3
OG0005269	2	1	3
OG0005270	1	2	3
OG0005271	1	2	3
OG0005272	2	1	3
OG0005273	1	2	3
OG0005274	1	2	3
OG0005275	1	2	3
OG0005276	1	2	3
OG0005277	2	1	3
OG0005278	1	2	3
OG0005279	1	2	3
OG0005280	1	2	3
OG0005281	1	2	3
OG0005282	1	2	3
OG0005283	1	2	3
OG0005284	2	1	3
OG0005285	2	1	3
OG0005286	2	1	3
OG0005287	1	2	3
OG0005288	2	1	3
OG0005289	3	0	3
OG0005290	2	1	3
OG0005291	1	2	3
OG0005292	2	1	3
OG0005293	2	1	3
OG0005294	1	2	3
OG0005295	2	1	3
OG0005296	1	2	3
OG0005297	2	1	3
OG0005298	1	2	3
OG0005299	1	2	3
OG0005300	1	2	3
OG0005301	1	2	3
OG0005302	2	1	3
OG0005303	1	2	3
OG0005304	2	1	3
OG0005305	3	0	3
OG0005306	2	1	3
OG0005307	3	0	3
OG0005308	3	0	3
OG0005309	2	1	3
OG0005310	2	1	3
OG0005311	1	2	3
OG0005312	1	2	3
OG0005313	2	1	3
OG0005314	3	0	3
OG0005315	1	2	3
OG0005316	2	1	3
OG0005317	1	2	3
OG0005318	1	2	3
OG0005319	1	2	3
OG0005320	1	2	3
OG0005321	1	2	3
OG0005322	2	1	3
OG0005323	1	2	3
OG0005324	2	1	3
OG0005325	2	1	3
OG0005326	2	1	3
OG0005327	2	1	3
OG0005328	2	1	3
OG0005329	2	1	3
OG0005330	2	1	3
OG0005331	2	1	3
OG0005332	2	1	3
OG0005333	3	0	3
OG0005334	1	2	3
OG0005335	1	2	3
OG0005336	1	2	3
OG0005337	1	2	3
OG0005338	2	1	3
OG0005339	2	1	3
OG0005340	1	2	3
OG0005341	1	2	3
OG0005342	2	1	3
OG0005343	2	1	3
OG0005344	2	1	3
OG0005345	1	2	3
OG0005346	2	1	3
OG0005347	2	1	3
OG0005348	2	1	3
OG0005349	1	2	3
OG0005350	2	1	3
OG0005351	2	1	3
OG0005352	1	2	3
OG0005353	2	1	3
OG0005354	2	1	3
OG0005355	1	2	3
OG0005356	2	1	3
OG0005357	1	2	3
OG0005358	3	0	3
OG0005359	2	1	3
OG0005360	2	1	3
OG0005361	2	1	3
OG0005362	3	0	3
OG0005363	2	1	3
OG0005364	2	1	3
OG0005365	1	2	3
OG0005366	1	2	3
OG0005367	2	1	3
OG0005368	1	2	3
OG0005369	2	1	3
OG0005370	2	1	3
OG0005371	2	1	3
OG0005372	3	0	3
OG0005373	2	1	3
OG0005374	2	1	3
OG0005375	3	0	3
OG0005376	2	1	3
OG0005377	1	2	3
OG0005378	1	2	3
OG0005379	2	1	3
OG0005380	2	1	3
OG0005381	1	2	3
OG0005382	1	2	3
OG0005383	1	2	3
OG0005384	3	0	3
OG0005385	2	1	3
OG0005386	2	1	3
OG0005387	2	1	3
OG0005388	2	1	3
OG0005389	1	2	3
OG0005390	2	1	3
OG0005391	2	1	3
OG0005392	1	2	3
OG0005393	2	1	3
OG0005394	2	1	3
OG0005395	3	0	3
OG0005396	2	1	3
OG0005397	3	0	3
OG0005398	3	0	3
OG0005399	2	1	3
OG0005400	2	1	3
OG0005401	2	1	3
OG0005402	2	1	3
OG0005403	2	1	3
OG0005404	2	1	3
OG0005405	1	2	3
OG0005406	1	2	3
OG0005407	1	2	3
OG0005408	1	2	3
OG0005409	2	1	3
OG0005410	2	1	3
OG0005411	2	1	3
OG0005412	1	2	3
OG0005413	1	2	3
OG0005414	2	1	3
OG0005415	1	2	3
OG0005416	2	1	3
OG0005417	1	2	3
OG0005418	2	1	3
OG0005419	1	2	3
OG0005420	2	1	3
OG0005421	1	2	3
OG0005422	2	1	3
OG0005423	2	1	3
OG0005424	1	2	3
OG0005425	1	2	3
OG0005426	1	2	3
OG0005427	2	1	3
OG0005428	2	1	3
OG0005429	2	1	3
OG0005430	1	2	3
OG0005431	2	1	3
OG0005432	2	1	3
OG0005433	1	2	3
OG0005434	1	2	3
OG0005435	2	1	3
OG0005436	2	1	3
OG0005437	1	2	3
OG0005438	1	2	3
OG0005439	2	1	3
OG0005440	2	1	3
OG0005441	2	1	3
OG0005442	2	1	3
OG0005443	2	1	3
OG0005444	1	2	3
OG0005445	2	1	3
OG0005446	1	2	3
OG0005447	2	1	3
OG0005448	3	0	3
OG0005449	2	1	3
OG0005450	1	2	3
OG0005451	2	1	3
OG0005452	2	1	3
OG0005453	1	2	3
OG0005454	3	0	3
OG0005455	2	1	3
OG0005456	2	1	3
OG0005457	2	1	3
OG0005458	3	0	3
OG0005459	2	1	3
OG0005460	2	1	3
OG0005461	1	2	3
OG0005462	3	0	3
OG0005463	2	1	3
OG0005464	2	1	3
OG0005465	2	1	3
OG0005466	1	2	3
OG0005467	1	2	3
OG0005468	1	2	3
OG0005469	3	0	3
OG0005470	2	1	3
OG0005471	2	1	3
OG0005472	2	1	3
OG0005473	2	1	3
OG0005474	2	1	3
OG0005475	2	1	3
OG0005476	2	1	3
OG0005477	1	2	3
OG0005478	1	2	3
OG0005479	2	1	3
OG0005480	2	1	3
OG0005481	1	2	3
OG0005482	1	2	3
OG0005483	3	0	3
OG0005484	2	1	3
OG0005485	2	1	3
OG0005486	2	1	3
OG0005487	1	2	3
OG0005488	2	1	3
OG0005489	2	1	3
OG0005490	2	1	3
OG0005491	2	1	3
OG0005492	2	1	3
OG0005493	2	1	3
OG0005494	2	1	3
OG0005495	2	1	3
OG0005496	2	1	3
OG0005497	1	2	3
OG0005498	2	1	3
OG0005499	1	2	3
OG0005500	2	1	3
OG0005501	1	2	3
OG0005502	1	2	3
OG0005503	2	1	3
OG0005504	1	2	3
OG0005505	1	2	3
OG0005506	3	0	3
OG0005507	2	1	3
OG0005508	3	0	3
OG0005509	2	1	3
OG0005510	2	1	3
OG0005511	2	1	3
OG0005512	2	1	3
OG0005513	2	1	3
OG0005514	1	2	3
OG0005515	1	2	3
OG0005516	2	1	3
OG0005517	1	2	3
OG0005518	2	1	3
OG0005519	2	1	3
OG0005520	2	1	3
OG0005521	1	2	3
OG0005522	1	2	3
OG0005523	2	1	3
OG0005524	1	2	3
OG0005525	1	2	3
OG0005526	2	1	3
OG0005527	2	1	3
OG0005528	2	1	3
OG0005529	2	1	3
OG0005530	2	1	3
OG0005531	2	1	3
OG0005532	2	1	3
OG0005533	2	1	3
OG0005534	1	2	3
OG0005535	2	1	3
OG0005536	2	1	3
OG0005537	1	2	3
OG0005538	2	1	3
OG0005539	2	1	3
OG0005540	1	2	3
OG0005541	2	1	3
OG0005542	3	0	3
OG0005543	2	1	3
OG0005544	2	1	3
OG0005545	2	1	3
OG0005546	1	2	3
OG0005547	1	2	3
OG0005548	2	1	3
OG0005549	2	1	3
OG0005550	2	1	3
OG0005551	1	2	3
OG0005552	2	1	3
OG0005553	1	2	3
OG0005554	2	1	3
OG0005555	1	2	3
OG0005556	1	2	3
OG0005557	3	0	3
OG0005558	1	2	3
OG0005559	2	1	3
OG0005560	2	1	3
OG0005561	1	2	3
OG0005562	1	2	3
OG0005563	1	2	3
OG0005564	2	1	3
OG0005565	3	0	3
OG0005566	2	1	3
OG0005567	2	1	3
OG0005568	2	1	3
OG0005569	1	2	3
OG0005570	2	1	3
OG0005571	2	1	3
OG0005572	2	1	3
OG0005573	2	1	3
OG0005574	2	1	3
OG0005575	2	1	3
OG0005576	2	1	3
OG0005577	1	2	3
OG0005578	2	1	3
OG0005579	2	1	3
OG0005580	2	1	3
OG0005581	2	1	3
OG0005582	1	2	3
OG0005583	1	2	3
OG0005584	2	1	3
OG0005585	1	2	3
OG0005586	2	1	3
OG0005587	2	1	3
OG0005588	2	1	3
OG0005589	2	1	3
OG0005590	2	1	3
OG0005591	1	2	3
OG0005592	1	2	3
OG0005593	2	1	3
OG0005594	2	1	3
OG0005595	2	1	3
OG0005596	1	2	3
OG0005597	1	2	3
OG0005598	1	2	3
OG0005599	2	1	3
OG0005600	2	1	3
OG0005601	2	1	3
OG0005602	3	0	3
OG0005603	1	2	3
OG0005604	1	2	3
OG0005605	2	1	3
OG0005606	2	1	3
OG0005607	1	2	3
OG0005608	2	1	3
OG0005609	1	2	3
OG0005610	2	1	3
OG0005611	1	2	3
OG0005612	2	1	3
OG0005613	2	1	3
OG0005614	1	2	3
OG0005615	2	1	3
OG0005616	1	2	3
OG0005617	2	1	3
OG0005618	2	1	3
OG0005619	3	0	3
OG0005620	3	0	3
OG0005621	2	1	3
OG0005622	2	1	3
OG0005623	2	1	3
OG0005624	2	1	3
OG0005625	2	1	3
OG0005626	1	2	3
OG0005627	2	1	3
OG0005628	2	1	3
OG0005629	2	1	3
OG0005630	2	1	3
OG0005631	1	2	3
OG0005632	1	2	3
OG0005633	1	2	3
OG0005634	2	1	3
OG0005635	2	1	3
OG0005636	2	1	3
OG0005637	1	2	3
OG0005638	2	1	3
OG0005639	2	1	3
OG0005640	1	2	3
OG0005641	1	2	3
OG0005642	2	1	3
OG0005643	2	1	3
OG0005644	2	1	3
OG0005645	3	0	3
OG0005646	2	1	3
OG0005647	1	2	3
OG0005648	1	2	3
OG0005649	2	1	3
OG0005650	2	1	3
OG0005651	2	1	3
OG0005652	2	1	3
OG0005653	2	1	3
OG0005654	1	2	3
OG0005655	1	2	3
OG0005656	2	1	3
OG0005657	3	0	3
OG0005658	2	1	3
OG0005659	2	1	3
OG0005660	2	1	3
OG0005661	2	1	3
OG0005662	2	1	3
OG0005663	2	1	3
OG0005664	2	1	3
OG0005665	2	1	3
OG0005666	1	2	3
OG0005667	2	1	3
OG0005668	1	2	3
OG0005669	1	2	3
OG0005670	2	1	3
OG0005671	2	1	3
OG0005672	2	1	3
OG0005673	2	1	3
OG0005674	1	2	3
OG0005675	2	1	3
OG0005676	1	2	3
OG0005677	2	1	3
OG0005678	1	2	3
OG0005679	2	1	3
OG0005680	1	2	3
OG0005681	2	1	3
OG0005682	2	1	3
OG0005683	2	1	3
OG0005684	1	2	3
OG0005685	1	2	3
OG0005686	1	2	3
OG0005687	2	1	3
OG0005688	2	1	3
OG0005689	2	1	3
OG0005690	2	1	3
OG0005691	2	1	3
OG0005692	2	1	3
OG0005693	2	1	3
OG0005694	2	1	3
OG0005695	1	2	3
OG0005696	2	1	3
OG0005697	2	1	3
OG0005698	2	1	3
OG0005699	1	2	3
OG0005700	1	2	3
OG0005701	2	1	3
OG0005702	2	1	3
OG0005703	2	1	3
OG0005704	2	1	3
OG0005705	1	2	3
OG0005706	2	1	3
OG0005707	2	1	3
OG0005708	1	2	3
OG0005709	2	1	3
OG0005710	1	2	3
OG0005711	2	1	3
OG0005712	1	2	3
OG0005713	2	1	3
OG0005714	1	2	3
OG0005715	1	2	3
OG0005716	1	2	3
OG0005717	2	1	3
OG0005718	2	1	3
OG0005719	2	1	3
OG0005720	2	1	3
OG0005721	2	1	3
OG0005722	2	1	3
OG0005723	2	1	3
OG0005724	1	2	3
OG0005725	1	2	3
OG0005726	2	1	3
OG0005727	2	1	3
OG0005728	1	2	3
OG0005729	2	1	3
OG0005730	1	2	3
OG0005731	2	1	3
OG0005732	2	1	3
OG0005733	2	1	3
OG0005734	1	2	3
OG0005735	2	1	3
OG0005736	2	1	3
OG0005737	1	2	3
OG0005738	2	1	3
OG0005739	3	0	3
OG0005740	1	2	3
OG0005741	1	2	3
OG0005742	3	0	3
OG0005743	2	1	3
OG0005744	2	1	3
OG0005745	1	2	3
OG0005746	3	0	3
OG0005747	2	1	3
OG0005748	2	1	3
OG0005749	2	1	3
OG0005750	1	2	3
OG0005751	1	2	3
OG0005752	2	1	3
OG0005753	1	2	3
OG0005754	3	0	3
OG0005755	3	0	3
OG0005756	1	2	3
OG0005757	2	1	3
OG0005758	3	0	3
OG0005759	1	2	3
OG0005760	2	1	3
OG0005761	2	1	3
OG0005762	3	0	3
OG0005763	2	1	3
OG0005764	2	1	3
OG0005765	1	2	3
OG0005766	1	2	3
OG0005767	2	1	3
OG0005768	1	2	3
OG0005769	1	2	3
OG0005770	3	0	3
OG0005771	1	2	3
OG0005772	2	1	3
OG0005773	2	1	3
OG0005774	2	1	3
OG0005775	1	2	3
OG0005776	1	2	3
OG0005777	2	1	3
OG0005778	2	1	3
OG0005779	1	2	3
OG0005780	1	2	3
OG0005781	1	2	3
OG0005782	2	1	3
OG0005783	2	1	3
OG0005784	1	2	3
OG0005785	3	0	3
OG0005786	1	2	3
OG0005787	2	1	3
OG0005788	2	1	3
OG0005789	1	2	3
OG0005790	1	2	3
OG0005791	1	2	3
OG0005792	1	2	3
OG0005793	1	2	3
OG0005794	2	1	3
OG0005795	2	1	3
OG0005796	1	2	3
OG0005797	2	1	3
OG0005798	2	1	3
OG0005799	2	1	3
OG0005800	3	0	3
OG0005801	2	1	3
OG0005802	2	1	3
OG0005803	1	2	3
OG0005804	1	2	3
OG0005805	2	1	3
OG0005806	2	1	3
OG0005807	1	2	3
OG0005808	1	2	3
OG0005809	2	1	3
OG0005810	2	1	3
OG0005811	2	1	3
OG0005812	1	2	3
OG0005813	2	1	3
OG0005814	1	2	3
OG0005815	1	2	3
OG0005816	2	1	3
OG0005817	2	1	3
OG0005818	2	1	3
OG0005819	3	0	3
OG0005820	3	0	3
OG0005821	1	2	3
OG0005822	2	1	3
OG0005823	1	2	3
OG0005824	1	2	3
OG0005825	3	0	3
OG0005826	3	0	3
OG0005827	1	2	3
OG0005828	2	1	3
OG0005829	1	2	3
OG0005830	2	1	3
OG0005831	2	1	3
OG0005832	2	1	3
OG0005833	2	1	3
OG0005834	2	1	3
OG0005835	2	1	3
OG0005836	1	2	3
OG0005837	2	1	3
OG0005838	2	1	3
OG0005839	1	2	3
OG0005840	2	1	3
OG0005841	2	1	3
OG0005842	2	1	3
OG0005843	2	1	3
OG0005844	1	2	3
OG0005845	2	1	3
OG0005846	2	1	3
OG0005847	2	1	3
OG0005848	2	1	3
OG0005849	1	2	3
OG0005850	1	2	3
OG0005851	2	1	3
OG0005852	2	1	3
OG0005853	2	1	3
OG0005854	2	1	3
OG0005855	1	2	3
OG0005856	2	1	3
OG0005857	2	1	3
OG0005858	1	2	3
OG0005859	1	2	3
OG0005860	2	1	3
OG0005861	2	1	3
OG0005862	2	1	3
OG0005863	2	1	3
OG0005864	1	2	3
OG0005865	2	1	3
OG0005866	2	1	3
OG0005867	3	0	3
OG0005868	2	1	3
OG0005869	2	1	3
OG0005870	1	2	3
OG0005871	3	0	3
OG0005872	2	1	3
OG0005873	2	1	3
OG0005874	2	1	3
OG0005875	1	2	3
OG0005876	2	1	3
OG0005877	2	1	3
OG0005878	2	1	3
OG0005879	2	1	3
OG0005880	3	0	3
OG0005881	2	1	3
OG0005882	1	2	3
OG0005883	2	1	3
OG0005884	2	1	3
OG0005885	1	2	3
OG0005886	2	1	3
OG0005887	3	0	3
OG0005888	2	1	3
OG0005889	2	1	3
OG0005890	2	1	3
OG0005891	2	1	3
OG0005892	2	1	3
OG0005893	2	1	3
OG0005894	1	2	3
OG0005895	1	2	3
OG0005896	2	1	3
OG0005897	2	1	3
OG0005898	1	2	3
OG0005899	3	0	3
OG0005900	2	1	3
OG0005901	2	1	3
OG0005902	2	1	3
OG0005903	1	2	3
OG0005904	2	1	3
OG0005905	1	2	3
OG0005906	2	1	3
OG0005907	1	2	3
OG0005908	1	2	3
OG0005909	2	1	3
OG0005910	1	2	3
OG0005911	2	1	3
OG0005912	2	1	3
OG0005913	2	1	3
OG0005914	2	1	3
OG0005915	2	1	3
OG0005916	1	2	3
OG0005917	2	1	3
OG0005918	2	1	3
OG0005919	2	1	3
OG0005920	1	2	3
OG0005921	1	2	3
OG0005922	2	1	3
OG0005923	2	1	3
OG0005924	1	2	3
OG0005925	2	1	3
OG0005926	2	1	3
OG0005927	1	2	3
OG0005928	1	2	3
OG0005929	2	1	3
OG0005930	1	2	3
OG0005931	1	2	3
OG0005932	2	1	3
OG0005933	1	2	3
OG0005934	1	2	3
OG0005935	2	1	3
OG0005936	2	1	3
OG0005937	1	2	3
OG0005938	1	2	3
OG0005939	1	2	3
OG0005940	2	1	3
OG0005941	2	1	3
OG0005942	2	1	3
OG0005943	2	1	3
OG0005944	2	1	3
OG0005945	1	2	3
OG0005946	2	1	3
OG0005947	1	2	3
OG0005948	1	2	3
OG0005949	1	2	3
OG0005950	2	1	3
OG0005951	2	1	3
OG0005952	2	1	3
OG0005953	1	2	3
OG0005954	1	2	3
OG0005955	2	1	3
OG0005956	2	1	3
OG0005957	1	2	3
OG0005958	1	2	3
OG0005959	2	1	3
OG0005960	2	1	3
OG0005961	2	1	3
OG0005962	1	2	3
OG0005963	2	1	3
OG0005964	2	1	3
OG0005965	2	1	3
OG0005966	1	2	3
OG0005967	1	2	3
OG0005968	1	2	3
OG0005969	1	2	3
OG0005970	1	2	3
OG0005971	2	1	3
OG0005972	1	2	3
OG0005973	1	2	3
OG0005974	2	1	3
OG0005975	2	1	3
OG0005976	2	1	3
OG0005977	1	2	3
OG0005978	2	1	3
OG0005979	1	2	3
OG0005980	1	2	3
OG0005981	3	0	3
OG0005982	1	2	3
OG0005983	1	2	3
OG0005984	1	2	3
OG0005985	2	1	3
OG0005986	1	2	3
OG0005987	2	1	3
OG0005988	1	2	3
OG0005989	2	1	3
OG0005990	2	1	3
OG0005991	2	1	3
OG0005992	1	2	3
OG0005993	1	2	3
OG0005994	2	1	3
OG0005995	2	1	3
OG0005996	1	2	3
OG0005997	2	1	3
OG0005998	2	1	3
OG0005999	2	1	3
OG0006000	1	2	3
OG0006001	2	1	3
OG0006002	2	1	3
OG0006003	2	1	3
OG0006004	2	1	3
OG0006005	2	1	3
OG0006006	3	0	3
OG0006007	1	2	3
OG0006008	2	1	3
OG0006009	1	2	3
OG0006010	2	1	3
OG0006011	2	1	3
OG0006012	2	1	3
OG0006013	1	2	3
OG0006014	2	1	3
OG0006015	2	1	3
OG0006016	2	1	3
OG0006017	1	2	3
OG0006018	2	1	3
OG0006019	1	2	3
OG0006020	1	2	3
OG0006021	3	0	3
OG0006022	2	1	3
OG0006023	1	2	3
OG0006024	1	2	3
OG0006025	1	2	3
OG0006026	1	2	3
OG0006027	1	2	3
OG0006028	2	1	3
OG0006029	2	1	3
OG0006030	1	2	3
OG0006031	2	1	3
OG0006032	2	1	3
OG0006033	2	1	3
OG0006034	2	1	3
OG0006035	1	2	3
OG0006036	1	2	3
OG0006037	1	2	3
OG0006038	2	1	3
OG0006039	2	1	3
OG0006040	2	1	3
OG0006041	2	1	3
OG0006042	1	2	3
OG0006043	3	0	3
OG0006044	2	1	3
OG0006045	2	1	3
OG0006046	1	2	3
OG0006047	2	1	3
OG0006048	2	1	3
OG0006049	1	2	3
OG0006050	1	2	3
OG0006051	2	1	3
OG0006052	2	1	3
OG0006053	1	2	3
OG0006054	2	1	3
OG0006055	3	0	3
OG0006056	2	1	3
OG0006057	2	1	3
OG0006058	1	2	3
OG0006059	1	2	3
OG0006060	2	1	3
OG0006061	1	2	3
OG0006062	2	1	3
OG0006063	2	1	3
OG0006064	2	1	3
OG0006065	1	2	3
OG0006066	1	2	3
OG0006067	2	1	3
OG0006068	2	1	3
OG0006069	1	2	3
OG0006070	1	2	3
OG0006071	1	2	3
OG0006072	1	2	3
OG0006073	2	1	3
OG0006074	2	1	3
OG0006075	1	2	3
OG0006076	1	2	3
OG0006077	1	2	3
OG0006078	1	2	3
OG0006079	2	1	3
OG0006080	2	1	3
OG0006081	1	2	3
OG0006082	2	1	3
OG0006083	2	1	3
OG0006084	1	2	3
OG0006085	3	0	3
OG0006086	1	2	3
OG0006087	1	2	3
OG0006088	2	1	3
OG0006089	2	1	3
OG0006090	1	2	3
OG0006091	1	2	3
OG0006092	2	1	3
OG0006093	2	1	3
OG0006094	2	1	3
OG0006095	2	1	3
OG0006096	3	0	3
OG0006097	2	1	3
OG0006098	1	2	3
OG0006099	2	1	3
OG0006100	1	2	3
OG0006101	1	2	3
OG0006102	2	1	3
OG0006103	2	1	3
OG0006104	2	1	3
OG0006105	2	1	3
OG0006106	1	2	3
OG0006107	1	2	3
OG0006108	2	1	3
OG0006109	2	1	3
OG0006110	2	1	3
OG0006111	1	2	3
OG0006112	2	1	3
OG0006113	2	1	3
OG0006114	2	1	3
OG0006115	2	1	3
OG0006116	1	2	3
OG0006117	2	1	3
OG0006118	1	2	3
OG0006119	1	2	3
OG0006120	2	1	3
OG0006121	3	0	3
OG0006122	2	1	3
OG0006123	2	1	3
OG0006124	2	1	3
OG0006125	2	1	3
OG0006126	2	1	3
OG0006127	2	1	3
OG0006128	1	2	3
OG0006129	1	2	3
OG0006130	1	2	3
OG0006131	2	1	3
OG0006132	2	1	3
OG0006133	2	1	3
OG0006134	2	1	3
OG0006135	1	2	3
OG0006136	1	2	3
OG0006137	2	1	3
OG0006138	1	2	3
OG0006139	2	1	3
OG0006140	2	1	3
OG0006141	2	1	3
OG0006142	2	1	3
OG0006143	2	1	3
OG0006144	1	2	3
OG0006145	1	2	3
OG0006146	1	2	3
OG0006147	1	2	3
OG0006148	1	2	3
OG0006149	1	2	3
OG0006150	1	2	3
OG0006151	2	1	3
OG0006152	1	2	3
OG0006153	1	2	3
OG0006154	3	0	3
OG0006155	2	1	3
OG0006156	2	1	3
OG0006157	1	2	3
OG0006158	1	2	3
OG0006159	2	1	3
OG0006160	1	2	3
OG0006161	3	0	3
OG0006162	2	1	3
OG0006163	1	2	3
OG0006164	1	2	3
OG0006165	1	2	3
OG0006166	2	1	3
OG0006167	1	2	3
OG0006168	1	2	3
OG0006169	2	1	3
OG0006170	2	1	3
OG0006171	2	1	3
OG0006172	2	1	3
OG0006173	1	2	3
OG0006174	1	2	3
OG0006175	1	2	3
OG0006176	1	2	3
OG0006177	1	2	3
OG0006178	2	1	3
OG0006179	1	2	3
OG0006180	1	2	3
OG0006181	1	2	3
OG0006182	1	2	3
OG0006183	1	2	3
OG0006184	2	1	3
OG0006185	1	2	3
OG0006186	2	1	3
OG0006187	1	2	3
OG0006188	2	1	3
OG0006189	2	1	3
OG0006190	2	1	3
OG0006191	2	1	3
OG0006192	1	2	3
OG0006193	1	2	3
OG0006194	1	2	3
OG0006195	1	2	3
OG0006196	1	2	3
OG0006197	2	1	3
OG0006198	2	1	3
OG0006199	1	2	3
OG0006200	2	1	3
OG0006201	1	2	3
OG0006202	2	1	3
OG0006203	2	1	3
OG0006204	1	2	3
OG0006205	1	2	3
OG0006206	2	1	3
OG0006207	3	0	3
OG0006208	1	2	3
OG0006209	3	0	3
OG0006210	1	2	3
OG0006211	2	1	3
OG0006212	2	1	3
OG0006213	1	2	3
OG0006214	2	1	3
OG0006215	1	2	3
OG0006216	2	1	3
OG0006217	2	1	3
OG0006218	2	1	3
OG0006219	2	1	3
OG0006220	1	2	3
OG0006221	2	1	3
OG0006222	1	2	3
OG0006223	2	1	3
OG0006224	2	1	3
OG0006225	2	1	3
OG0006226	3	0	3
OG0006227	2	1	3
OG0006228	1	2	3
OG0006229	1	2	3
OG0006230	1	2	3
OG0006231	2	1	3
OG0006232	2	1	3
OG0006233	1	2	3
OG0006234	3	0	3
OG0006235	1	2	3
OG0006236	1	2	3
OG0006237	1	2	3
OG0006238	2	1	3
OG0006239	1	2	3
OG0006240	1	2	3
OG0006241	2	1	3
OG0006242	2	1	3
OG0006243	2	1	3
OG0006244	1	2	3
OG0006245	2	1	3
OG0006246	2	1	3
OG0006247	2	1	3
OG0006248	1	2	3
OG0006249	1	2	3
OG0006250	1	2	3
OG0006251	2	1	3
OG0006252	1	2	3
OG0006253	2	1	3
OG0006254	1	2	3
OG0006255	2	1	3
OG0006256	2	1	3
OG0006257	1	2	3
OG0006258	2	1	3
OG0006259	3	0	3
OG0006260	1	2	3
OG0006261	1	2	3
OG0006262	1	2	3
OG0006263	2	1	3
OG0006264	2	1	3
OG0006265	3	0	3
OG0006266	1	2	3
OG0006267	2	1	3
OG0006268	2	1	3
OG0006269	1	2	3
OG0006270	2	1	3
OG0006271	2	1	3
OG0006272	1	2	3
OG0006273	2	1	3
OG0006274	1	2	3
OG0006275	2	1	3
OG0006276	1	2	3
OG0006277	2	1	3
OG0006278	1	2	3
OG0006279	1	2	3
OG0006280	2	1	3
OG0006281	1	2	3
OG0006282	2	1	3
OG0006283	1	2	3
OG0006284	2	1	3
OG0006285	2	1	3
OG0006286	1	2	3
OG0006287	1	2	3
OG0006288	2	1	3
OG0006289	1	2	3
OG0006290	1	2	3
OG0006291	2	1	3
OG0006292	3	0	3
OG0006293	3	0	3
OG0006294	2	1	3
OG0006295	2	1	3
OG0006296	2	1	3
OG0006297	1	2	3
OG0006298	2	1	3
OG0006299	2	1	3
OG0006300	2	1	3
OG0006301	2	1	3
OG0006302	2	1	3
OG0006303	2	1	3
OG0006304	2	1	3
OG0006305	2	1	3
OG0006306	2	1	3
OG0006307	3	0	3
OG0006308	2	1	3
OG0006309	3	0	3
OG0006310	1	2	3
OG0006311	2	1	3
OG0006312	2	1	3
OG0006313	1	2	3
OG0006314	2	1	3
OG0006315	1	2	3
OG0006316	1	2	3
OG0006317	1	2	3
OG0006318	1	2	3
OG0006319	1	2	3
OG0006320	2	1	3
OG0006321	2	1	3
OG0006322	2	1	3
OG0006323	2	1	3
OG0006324	2	1	3
OG0006325	1	2	3
OG0006326	1	2	3
OG0006327	2	1	3
OG0006328	1	2	3
OG0006329	2	1	3
OG0006330	3	0	3
OG0006331	1	2	3
OG0006332	2	1	3
OG0006333	2	1	3
OG0006334	1	2	3
OG0006335	2	1	3
OG0006336	1	2	3
OG0006337	2	1	3
OG0006338	2	1	3
OG0006339	2	1	3
OG0006340	2	1	3
OG0006341	2	1	3
OG0006342	1	2	3
OG0006343	3	0	3
OG0006344	1	2	3
OG0006345	1	2	3
OG0006346	3	0	3
OG0006347	1	2	3
OG0006348	2	1	3
OG0006349	2	1	3
OG0006350	1	2	3
OG0006351	1	2	3
OG0006352	1	2	3
OG0006353	2	1	3
OG0006354	2	1	3
OG0006355	2	1	3
OG0006356	2	1	3
OG0006357	2	1	3
OG0006358	2	1	3
OG0006359	1	2	3
OG0006360	1	2	3
OG0006361	1	2	3
OG0006362	2	1	3
OG0006363	2	1	3
OG0006364	2	1	3
OG0006365	1	2	3
OG0006366	2	1	3
OG0006367	1	2	3
OG0006368	1	2	3
OG0006369	2	1	3
OG0006370	2	1	3
OG0006371	2	1	3
OG0006372	2	1	3
OG0006373	1	2	3
OG0006374	2	1	3
OG0006375	1	2	3
OG0006376	1	2	3
OG0006377	1	2	3
OG0006378	2	1	3
OG0006379	1	2	3
OG0006380	2	1	3
OG0006381	2	1	3
OG0006382	1	2	3
OG0006383	2	1	3
OG0006384	1	2	3
OG0006385	2	1	3
OG0006386	2	1	3
OG0006387	1	2	3
OG0006388	2	1	3
OG0006389	1	2	3
OG0006390	2	1	3
OG0006391	1	2	3
OG0006392	2	1	3
OG0006393	1	2	3
OG0006394	2	1	3
OG0006395	3	0	3
OG0006396	2	1	3
OG0006397	2	1	3
OG0006398	3	0	3
OG0006399	2	1	3
OG0006400	1	2	3
OG0006401	2	1	3
OG0006402	1	2	3
OG0006403	2	1	3
OG0006404	1	2	3
OG0006405	2	1	3
OG0006406	1	2	3
OG0006407	2	1	3
OG0006408	1	2	3
OG0006409	1	2	3
OG0006410	2	1	3
OG0006411	1	2	3
OG0006412	2	1	3
OG0006413	1	2	3
OG0006414	2	1	3
OG0006415	3	0	3
OG0006416	2	1	3
OG0006417	2	1	3
OG0006418	2	1	3
OG0006419	2	1	3
OG0006420	1	2	3
OG0006421	1	2	3
OG0006422	2	1	3
OG0006423	2	1	3
OG0006424	1	2	3
OG0006425	2	1	3
OG0006426	1	2	3
OG0006427	3	0	3
OG0006428	1	2	3
OG0006429	2	1	3
OG0006430	1	2	3
OG0006431	1	2	3
OG0006432	2	1	3
OG0006433	1	2	3
OG0006434	1	2	3
OG0006435	2	1	3
OG0006436	1	2	3
OG0006437	2	1	3
OG0006438	3	0	3
OG0006439	1	2	3
OG0006440	2	1	3
OG0006441	2	1	3
OG0006442	3	0	3
OG0006443	2	1	3
OG0006444	2	1	3
OG0006445	2	1	3
OG0006446	2	1	3
OG0006447	1	2	3
OG0006448	1	2	3
OG0006449	3	0	3
OG0006450	1	2	3
OG0006451	2	1	3
OG0006452	1	2	3
OG0006453	2	1	3
OG0006454	2	1	3
OG0006455	2	1	3
OG0006456	2	1	3
OG0006457	1	2	3
OG0006458	2	1	3
OG0006459	1	2	3
OG0006460	2	1	3
OG0006461	3	0	3
OG0006462	2	1	3
OG0006463	1	2	3
OG0006464	2	1	3
OG0006465	2	1	3
OG0006466	1	2	3
OG0006467	3	0	3
OG0006468	1	2	3
OG0006469	1	2	3
OG0006470	1	2	3
OG0006471	1	2	3
OG0006472	2	1	3
OG0006473	3	0	3
OG0006474	2	1	3
OG0006475	2	1	3
OG0006476	3	0	3
OG0006477	2	1	3
OG0006478	2	1	3
OG0006479	2	1	3
OG0006480	2	1	3
OG0006481	2	1	3
OG0006482	3	0	3
OG0006483	2	1	3
OG0006484	1	2	3
OG0006485	2	1	3
OG0006486	1	2	3
OG0006487	1	2	3
OG0006488	3	0	3
OG0006489	2	1	3
OG0006490	2	1	3
OG0006491	2	1	3
OG0006492	1	2	3
OG0006493	2	1	3
OG0006494	2	1	3
OG0006495	2	1	3
OG0006496	2	1	3
OG0006497	1	2	3
OG0006498	2	1	3
OG0006499	2	1	3
OG0006500	1	2	3
OG0006501	2	1	3
OG0006502	2	1	3
OG0006503	2	1	3
OG0006504	2	1	3
OG0006505	1	2	3
OG0006506	2	1	3
OG0006507	1	2	3
OG0006508	2	1	3
OG0006509	2	1	3
OG0006510	1	2	3
OG0006511	3	0	3
OG0006512	1	2	3
OG0006513	2	1	3
OG0006514	2	1	3
OG0006515	1	2	3
OG0006516	2	1	3
OG0006517	1	2	3
OG0006518	1	2	3
OG0006519	1	2	3
OG0006520	1	2	3
OG0006521	2	1	3
OG0006522	1	2	3
OG0006523	2	1	3
OG0006524	1	2	3
OG0006525	2	1	3
OG0006526	2	1	3
OG0006527	2	1	3
OG0006528	2	1	3
OG0006529	2	1	3
OG0006530	2	1	3
OG0006531	1	2	3
OG0006532	1	2	3
OG0006533	2	1	3
OG0006534	1	2	3
OG0006535	2	1	3
OG0006536	2	1	3
OG0006537	2	1	3
OG0006538	2	1	3
OG0006539	2	1	3
OG0006540	2	1	3
OG0006541	1	2	3
OG0006542	1	2	3
OG0006543	1	2	3
OG0006544	2	1	3
OG0006545	2	1	3
OG0006546	2	1	3
OG0006547	2	1	3
OG0006548	1	2	3
OG0006549	2	1	3
OG0006550	2	1	3
OG0006551	1	2	3
OG0006552	2	1	3
OG0006553	2	1	3
OG0006554	2	1	3
OG0006555	1	2	3
OG0006556	2	1	3
OG0006557	1	2	3
OG0006558	2	1	3
OG0006559	2	1	3
OG0006560	1	2	3
OG0006561	2	1	3
OG0006562	1	2	3
OG0006563	2	1	3
OG0006564	2	1	3
OG0006565	2	1	3
OG0006566	2	1	3
OG0006567	2	1	3
OG0006568	2	1	3
OG0006569	3	0	3
OG0006570	1	2	3
OG0006571	1	2	3
OG0006572	1	2	3
OG0006573	2	1	3
OG0006574	2	1	3
OG0006575	2	1	3
OG0006576	2	1	3
OG0006577	1	2	3
OG0006578	2	1	3
OG0006579	1	2	3
OG0006580	3	0	3
OG0006581	2	1	3
OG0006582	1	2	3
OG0006583	1	2	3
OG0006584	2	1	3
OG0006585	2	1	3
OG0006586	2	1	3
OG0006587	2	1	3
OG0006588	2	1	3
OG0006589	1	2	3
OG0006590	1	2	3
OG0006591	2	1	3
OG0006592	1	2	3
OG0006593	2	1	3
OG0006594	1	2	3
OG0006595	1	2	3
OG0006596	2	1	3
OG0006597	1	2	3
OG0006598	2	1	3
OG0006599	3	0	3
OG0006600	1	2	3
OG0006601	1	2	3
OG0006602	1	2	3
OG0006603	1	2	3
OG0006604	1	2	3
OG0006605	2	1	3
OG0006606	1	2	3
OG0006607	2	1	3
OG0006608	2	1	3
OG0006609	1	2	3
OG0006610	1	2	3
OG0006611	3	0	3
OG0006612	2	1	3
OG0006613	2	1	3
OG0006614	2	1	3
OG0006615	1	2	3
OG0006616	2	1	3
OG0006617	2	1	3
OG0006618	1	2	3
OG0006619	2	1	3
OG0006620	1	2	3
OG0006621	2	1	3
OG0006622	2	1	3
OG0006623	1	2	3
OG0006624	1	2	3
OG0006625	3	0	3
OG0006626	2	1	3
OG0006627	2	1	3
OG0006628	1	2	3
OG0006629	2	1	3
OG0006630	2	1	3
OG0006631	2	1	3
OG0006632	1	2	3
OG0006633	2	1	3
OG0006634	2	1	3
OG0006635	3	0	3
OG0006636	2	1	3
OG0006637	1	2	3
OG0006638	1	2	3
OG0006639	2	1	3
OG0006640	1	2	3
OG0006641	2	1	3
OG0006642	1	2	3
OG0006643	1	2	3
OG0006644	2	1	3
OG0006645	3	0	3
OG0006646	3	0	3
OG0006647	1	2	3
OG0006648	1	2	3
OG0006649	2	1	3
OG0006650	1	2	3
OG0006651	1	2	3
OG0006652	2	1	3
OG0006653	2	1	3
OG0006654	2	1	3
OG0006655	1	2	3
OG0006656	1	2	3
OG0006657	1	2	3
OG0006658	1	2	3
OG0006659	1	2	3
OG0006660	2	1	3
OG0006661	2	1	3
OG0006662	1	2	3
OG0006663	1	2	3
OG0006664	2	1	3
OG0006665	1	2	3
OG0006666	1	2	3
OG0006667	1	2	3
OG0006668	2	1	3
OG0006669	2	1	3
OG0006670	3	0	3
OG0006671	1	2	3
OG0006672	1	2	3
OG0006673	2	1	3
OG0006674	2	1	3
OG0006675	1	2	3
OG0006676	1	2	3
OG0006677	3	0	3
OG0006678	1	2	3
OG0006679	3	0	3
OG0006680	3	0	3
OG0006681	2	1	3
OG0006682	2	1	3
OG0006683	3	0	3
OG0006684	3	0	3
OG0006685	3	0	3
OG0006686	2	1	3
OG0006687	2	1	3
OG0006688	1	2	3
OG0006689	2	1	3
OG0006690	2	1	3
OG0006691	3	0	3
OG0006692	2	1	3
OG0006693	2	1	3
OG0006694	3	0	3
OG0006695	1	2	3
OG0006696	2	1	3
OG0006697	3	0	3
OG0006698	2	1	3
OG0006699	3	0	3
OG0006700	2	1	3
OG0006701	2	1	3
OG0006702	1	2	3
OG0006703	2	1	3
OG0006704	3	0	3
OG0006705	3	0	3
OG0006706	1	2	3
OG0006707	3	0	3
OG0006708	1	2	3
OG0006709	2	1	3
OG0006710	1	2	3
OG0006711	2	1	3
OG0006712	2	1	3
OG0006713	2	1	3
OG0006714	1	2	3
OG0006715	3	0	3
OG0006716	3	0	3
OG0006717	1	2	3
OG0006718	2	1	3
OG0006719	2	1	3
OG0006720	2	1	3
OG0006721	3	0	3
OG0006722	3	0	3
OG0006723	3	0	3
OG0006724	2	1	3
OG0006725	1	2	3
OG0006726	1	2	3
OG0006727	2	1	3
OG0006728	3	0	3
OG0006729	1	2	3
OG0006730	2	1	3
OG0006731	2	1	3
OG0006732	1	2	3
OG0006733	1	2	3
OG0006734	2	1	3
OG0006735	2	1	3
OG0006736	1	2	3
OG0006737	1	2	3
OG0006738	1	2	3
OG0006739	2	1	3
OG0006740	2	1	3
OG0006741	2	1	3
OG0006742	2	1	3
OG0006743	1	2	3
OG0006744	2	1	3
OG0006745	2	1	3
OG0006746	2	1	3
OG0006747	1	2	3
OG0006748	2	1	3
OG0006749	1	2	3
OG0006750	2	1	3
OG0006751	1	2	3
OG0006752	3	0	3
OG0006753	1	2	3
OG0006754	1	2	3
OG0006755	1	2	3
OG0006756	2	1	3
OG0006757	3	0	3
OG0006758	2	1	3
OG0006759	2	1	3
OG0006760	1	2	3
OG0006761	2	1	3
OG0006762	3	0	3
OG0006763	2	1	3
OG0006764	3	0	3
OG0006765	2	1	3
OG0006766	1	2	3
OG0006767	1	2	3
OG0006768	2	1	3
OG0006769	1	2	3
OG0006770	1	2	3
OG0006771	2	1	3
OG0006772	2	1	3
OG0006773	2	1	3
OG0006774	2	1	3
OG0006775	2	1	3
OG0006776	2	1	3
OG0006777	2	1	3
OG0006778	2	1	3
OG0006779	2	1	3
OG0006780	1	2	3
OG0006781	1	2	3
OG0006782	1	2	3
OG0006783	1	2	3
OG0006784	2	1	3
OG0006785	1	2	3
OG0006786	1	2	3
OG0006787	1	2	3
OG0006788	1	2	3
OG0006789	2	1	3
OG0006790	1	2	3
OG0006791	1	2	3
OG0006792	3	0	3
OG0006793	1	2	3
OG0006794	2	1	3
OG0006795	1	2	3
OG0006796	2	1	3
OG0006797	2	1	3
OG0006798	2	1	3
OG0006799	1	2	3
OG0006800	1	2	3
OG0006801	2	1	3
OG0006802	1	2	3
OG0006803	1	2	3
OG0006804	1	2	3
OG0006805	1	2	3
OG0006806	2	1	3
OG0006807	2	1	3
OG0006808	1	2	3
OG0006809	1	2	3
OG0006810	1	2	3
OG0006811	1	2	3
OG0006812	1	2	3
OG0006813	1	2	3
OG0006814	1	2	3
OG0006815	2	1	3
OG0006816	1	2	3
OG0006817	2	1	3
OG0006818	1	2	3
OG0006819	1	2	3
OG0006820	1	2	3
OG0006821	3	0	3
OG0006822	1	2	3
OG0006823	2	1	3
OG0006824	1	2	3
OG0006825	2	1	3
OG0006826	2	1	3
OG0006827	2	1	3
OG0006828	2	1	3
OG0006829	1	2	3
OG0006830	1	2	3
OG0006831	1	2	3
OG0006832	1	2	3
OG0006833	1	2	3
OG0006834	1	2	3
OG0006835	1	2	3
OG0006836	2	1	3
OG0006837	2	1	3
OG0006838	1	2	3
OG0006839	1	2	3
OG0006840	1	2	3
OG0006841	1	2	3
OG0006842	1	2	3
OG0006843	2	1	3
OG0006844	1	2	3
OG0006845	1	2	3
OG0006846	1	2	3
OG0006847	1	2	3
OG0006848	1	2	3
OG0006849	2	1	3
OG0006850	1	2	3
OG0006851	2	1	3
OG0006852	1	2	3
OG0006853	1	2	3
OG0006854	2	1	3
OG0006855	3	0	3
OG0006856	1	2	3
OG0006857	1	2	3
OG0006858	1	2	3
OG0006859	2	1	3
OG0006860	2	1	3
OG0006861	1	2	3
OG0006862	1	2	3
OG0006863	1	2	3
OG0006864	1	2	3
OG0006865	1	2	3
OG0006866	1	2	3
OG0006867	1	2	3
OG0006868	1	2	3
OG0006869	2	1	3
OG0006870	1	2	3
OG0006871	1	2	3
OG0006872	2	1	3
OG0006873	1	2	3
OG0006874	2	1	3
OG0006875	1	2	3
OG0006876	1	2	3
OG0006877	1	2	3
OG0006878	1	2	3
OG0006879	1	2	3
OG0006880	1	2	3
OG0006881	1	2	3
OG0006882	1	2	3
OG0006883	1	2	3
OG0006884	1	2	3
OG0006885	3	0	3
OG0006886	1	2	3
OG0006887	1	2	3
OG0006888	1	2	3
OG0006889	2	1	3
OG0006890	1	2	3
OG0006891	1	2	3
OG0006892	1	2	3
OG0006893	1	2	3
OG0006894	1	2	3
OG0006895	2	1	3
OG0006896	1	2	3
OG0006897	1	2	3
OG0006898	1	2	3
OG0006899	1	2	3
OG0006900	1	2	3
OG0006901	1	2	3
OG0006902	1	2	3
OG0006903	0	3	3
OG0006904	0	3	3
OG0006905	0	3	3
OG0006906	0	3	3
OG0006907	0	3	3
OG0006908	0	3	3
OG0006909	0	3	3
OG0006910	0	3	3
OG0006911	0	3	3
OG0006912	0	3	3
OG0006913	0	3	3
OG0006914	0	3	3
OG0006915	0	3	3
OG0006916	0	3	3
OG0006917	0	3	3
OG0006918	0	3	3
OG0006919	0	3	3
OG0006920	0	3	3
OG0006921	0	3	3
OG0006922	0	3	3
OG0006923	0	3	3
OG0006924	0	3	3
OG0006925	0	3	3
OG0006926	0	3	3
OG0006927	0	3	3
OG0006928	0	3	3
OG0006929	0	3	3
OG0006930	0	3	3
OG0006931	0	3	3
OG0006932	0	3	3
OG0006933	0	3	3
OG0006934	0	3	3
OG0006935	0	3	3
OG0006936	0	3	3
OG0006937	0	3	3
OG0006938	0	3	3
OG0006939	0	3	3
OG0006940	0	3	3
OG0006941	0	3	3
OG0006942	0	3	3
OG0006943	0	3	3
OG0006944	0	3	3
OG0006945	0	3	3
OG0006946	0	3	3
OG0006947	0	3	3
OG0006948	0	3	3
OG0006949	0	3	3
OG0006950	0	3	3
OG0006951	0	3	3
OG0006952	0	3	3
OG0006953	0	3	3
OG0006954	0	3	3
OG0006955	0	3	3
OG0006956	0	3	3
OG0006957	0	3	3
OG0006958	0	3	3
OG0006959	0	3	3
OG0006960	0	3	3
OG0006961	0	3	3
OG0006962	0	3	3
OG0006963	0	3	3
OG0006964	0	3	3
OG0006965	0	3	3
OG0006966	0	3	3
OG0006967	0	3	3
OG0006968	0	3	3
OG0006969	0	3	3
OG0006970	0	3	3
OG0006971	0	3	3
OG0006972	0	3	3
OG0006973	0	3	3
OG0006974	0	3	3
OG0006975	0	3	3
OG0006976	0	3	3
OG0006977	0	3	3
OG0006978	0	3	3
OG0006979	0	3	3
OG0006980	0	3	3
OG0006981	0	3	3
OG0006982	0	3	3
OG0006983	0	3	3
OG0006984	0	3	3
OG0006985	0	3	3
OG0006986	0	3	3
OG0006987	0	3	3
OG0006988	0	3	3
OG0006989	0	3	3
OG0006990	0	3	3
OG0006991	0	3	3
OG0006992	0	3	3
OG0006993	0	3	3
OG0006994	0	3	3
OG0006995	0	3	3
OG0006996	0	3	3
OG0006997	0	3	3
OG0006998	0	3	3
OG0006999	0	3	3
OG0007000	0	3	3
OG0007001	0	3	3
OG0007002	0	3	3
OG0007003	0	3	3
OG0007004	0	3	3
OG0007005	0	3	3
OG0007006	0	3	3
OG0007007	0	3	3
OG0007008	0	3	3
OG0007009	0	3	3
OG0007010	0	3	3
OG0007011	0	3	3
OG0007012	0	3	3
OG0007013	0	3	3
OG0007014	0	3	3
OG0007015	0	3	3
OG0007016	0	3	3
OG0007017	0	3	3
OG0007018	0	3	3
OG0007019	0	3	3
OG0007020	0	3	3
OG0007021	0	3	3
OG0007022	0	3	3
OG0007023	0	3	3
OG0007024	0	3	3
OG0007025	0	3	3
OG0007026	0	3	3
OG0007027	0	3	3
OG0007028	0	3	3
OG0007029	0	3	3
OG0007030	0	3	3
OG0007031	0	3	3
OG0007032	0	3	3
OG0007033	0	3	3
OG0007034	0	3	3
OG0007035	0	3	3
OG0007036	0	3	3
OG0007037	0	3	3
OG0007038	0	3	3
OG0007039	0	3	3
OG0007040	0	3	3
OG0007041	0	3	3
OG0007042	1	1	2
OG0007043	2	0	2
OG0007044	1	1	2
OG0007045	1	1	2
OG0007046	1	1	2
OG0007047	1	1	2
OG0007048	1	1	2
OG0007049	1	1	2
OG0007050	1	1	2
OG0007051	1	1	2
OG0007052	1	1	2
OG0007053	1	1	2
OG0007054	2	0	2
OG0007055	1	1	2
OG0007056	1	1	2
OG0007057	1	1	2
OG0007058	1	1	2
OG0007059	1	1	2
OG0007060	1	1	2
OG0007061	1	1	2
OG0007062	1	1	2
OG0007063	1	1	2
OG0007064	1	1	2
OG0007065	1	1	2
OG0007066	1	1	2
OG0007067	1	1	2
OG0007068	1	1	2
OG0007069	1	1	2
OG0007070	1	1	2
OG0007071	1	1	2
OG0007072	1	1	2
OG0007073	2	0	2
OG0007074	1	1	2
OG0007075	1	1	2
OG0007076	1	1	2
OG0007077	1	1	2
OG0007078	1	1	2
OG0007079	1	1	2
OG0007080	2	0	2
OG0007081	1	1	2
OG0007082	1	1	2
OG0007083	1	1	2
OG0007084	1	1	2
OG0007085	1	1	2
OG0007086	1	1	2
OG0007087	1	1	2
OG0007088	1	1	2
OG0007089	1	1	2
OG0007090	1	1	2
OG0007091	1	1	2
OG0007092	1	1	2
OG0007093	1	1	2
OG0007094	2	0	2
OG0007095	1	1	2
OG0007096	1	1	2
OG0007097	1	1	2
OG0007098	1	1	2
OG0007099	1	1	2
OG0007100	1	1	2
OG0007101	1	1	2
OG0007102	1	1	2
OG0007103	2	0	2
OG0007104	1	1	2
OG0007105	1	1	2
OG0007106	1	1	2
OG0007107	1	1	2
OG0007108	1	1	2
OG0007109	2	0	2
OG0007110	1	1	2
OG0007111	2	0	2
OG0007112	1	1	2
OG0007113	1	1	2
OG0007114	1	1	2
OG0007115	1	1	2
OG0007116	1	1	2
OG0007117	1	1	2
OG0007118	1	1	2
OG0007119	1	1	2
OG0007120	1	1	2
OG0007121	1	1	2
OG0007122	1	1	2
OG0007123	1	1	2
OG0007124	2	0	2
OG0007125	1	1	2
OG0007126	1	1	2
OG0007127	1	1	2
OG0007128	1	1	2
OG0007129	1	1	2
OG0007130	1	1	2
OG0007131	1	1	2
OG0007132	1	1	2
OG0007133	1	1	2
OG0007134	1	1	2
OG0007135	1	1	2
OG0007136	1	1	2
OG0007137	1	1	2
OG0007138	2	0	2
OG0007139	1	1	2
OG0007140	1	1	2
OG0007141	1	1	2
OG0007142	1	1	2
OG0007143	1	1	2
OG0007144	1	1	2
OG0007145	1	1	2
OG0007146	1	1	2
OG0007147	1	1	2
OG0007148	1	1	2
OG0007149	1	1	2
OG0007150	1	1	2
OG0007151	1	1	2
OG0007152	1	1	2
OG0007153	1	1	2
OG0007154	1	1	2
OG0007155	2	0	2
OG0007156	1	1	2
OG0007157	1	1	2
OG0007158	1	1	2
OG0007159	1	1	2
OG0007160	1	1	2
OG0007161	1	1	2
OG0007162	1	1	2
OG0007163	1	1	2
OG0007164	1	1	2
OG0007165	1	1	2
OG0007166	1	1	2
OG0007167	1	1	2
OG0007168	1	1	2
OG0007169	1	1	2
OG0007170	1	1	2
OG0007171	1	1	2
OG0007172	1	1	2
OG0007173	1	1	2
OG0007174	1	1	2
OG0007175	2	0	2
OG0007176	1	1	2
OG0007177	1	1	2
OG0007178	1	1	2
OG0007179	1	1	2
OG0007180	1	1	2
OG0007181	1	1	2
OG0007182	1	1	2
OG0007183	1	1	2
OG0007184	1	1	2
OG0007185	1	1	2
OG0007186	1	1	2
OG0007187	1	1	2
OG0007188	1	1	2
OG0007189	1	1	2
OG0007190	1	1	2
OG0007191	2	0	2
OG0007192	1	1	2
OG0007193	1	1	2
OG0007194	1	1	2
OG0007195	1	1	2
OG0007196	1	1	2
OG0007197	1	1	2
OG0007198	2	0	2
OG0007199	2	0	2
OG0007200	2	0	2
OG0007201	2	0	2
OG0007202	1	1	2
OG0007203	1	1	2
OG0007204	2	0	2
OG0007205	1	1	2
OG0007206	1	1	2
OG0007207	1	1	2
OG0007208	1	1	2
OG0007209	1	1	2
OG0007210	1	1	2
OG0007211	1	1	2
OG0007212	1	1	2
OG0007213	1	1	2
OG0007214	1	1	2
OG0007215	2	0	2
OG0007216	1	1	2
OG0007217	1	1	2
OG0007218	1	1	2
OG0007219	1	1	2
OG0007220	1	1	2
OG0007221	1	1	2
OG0007222	1	1	2
OG0007223	1	1	2
OG0007224	2	0	2
OG0007225	1	1	2
OG0007226	1	1	2
OG0007227	1	1	2
OG0007228	1	1	2
OG0007229	2	0	2
OG0007230	1	1	2
OG0007231	2	0	2
OG0007232	1	1	2
OG0007233	1	1	2
OG0007234	1	1	2
OG0007235	1	1	2
OG0007236	1	1	2
OG0007237	1	1	2
OG0007238	1	1	2
OG0007239	1	1	2
OG0007240	1	1	2
OG0007241	1	1	2
OG0007242	1	1	2
OG0007243	1	1	2
OG0007244	1	1	2
OG0007245	1	1	2
OG0007246	1	1	2
OG0007247	1	1	2
OG0007248	1	1	2
OG0007249	1	1	2
OG0007250	2	0	2
OG0007251	2	0	2
OG0007252	1	1	2
OG0007253	1	1	2
OG0007254	1	1	2
OG0007255	1	1	2
OG0007256	2	0	2
OG0007257	1	1	2
OG0007258	1	1	2
OG0007259	1	1	2
OG0007260	1	1	2
OG0007261	1	1	2
OG0007262	1	1	2
OG0007263	1	1	2
OG0007264	1	1	2
OG0007265	2	0	2
OG0007266	1	1	2
OG0007267	1	1	2
OG0007268	1	1	2
OG0007269	1	1	2
OG0007270	1	1	2
OG0007271	1	1	2
OG0007272	1	1	2
OG0007273	1	1	2
OG0007274	1	1	2
OG0007275	1	1	2
OG0007276	1	1	2
OG0007277	1	1	2
OG0007278	2	0	2
OG0007279	1	1	2
OG0007280	2	0	2
OG0007281	1	1	2
OG0007282	1	1	2
OG0007283	1	1	2
OG0007284	1	1	2
OG0007285	1	1	2
OG0007286	1	1	2
OG0007287	2	0	2
OG0007288	1	1	2
OG0007289	1	1	2
OG0007290	1	1	2
OG0007291	2	0	2
OG0007292	1	1	2
OG0007293	1	1	2
OG0007294	1	1	2
OG0007295	1	1	2
OG0007296	1	1	2
OG0007297	2	0	2
OG0007298	2	0	2
OG0007299	1	1	2
OG0007300	1	1	2
OG0007301	1	1	2
OG0007302	1	1	2
OG0007303	1	1	2
OG0007304	1	1	2
OG0007305	1	1	2
OG0007306	1	1	2
OG0007307	1	1	2
OG0007308	1	1	2
OG0007309	1	1	2
OG0007310	1	1	2
OG0007311	1	1	2
OG0007312	1	1	2
OG0007313	1	1	2
OG0007314	1	1	2
OG0007315	1	1	2
OG0007316	1	1	2
OG0007317	1	1	2
OG0007318	1	1	2
OG0007319	1	1	2
OG0007320	1	1	2
OG0007321	1	1	2
OG0007322	1	1	2
OG0007323	2	0	2
OG0007324	1	1	2
OG0007325	1	1	2
OG0007326	2	0	2
OG0007327	1	1	2
OG0007328	2	0	2
OG0007329	1	1	2
OG0007330	1	1	2
OG0007331	1	1	2
OG0007332	1	1	2
OG0007333	1	1	2
OG0007334	1	1	2
OG0007335	1	1	2
OG0007336	1	1	2
OG0007337	2	0	2
OG0007338	1	1	2
OG0007339	1	1	2
OG0007340	1	1	2
OG0007341	1	1	2
OG0007342	1	1	2
OG0007343	1	1	2
OG0007344	1	1	2
OG0007345	1	1	2
OG0007346	1	1	2
OG0007347	1	1	2
OG0007348	1	1	2
OG0007349	2	0	2
OG0007350	1	1	2
OG0007351	1	1	2
OG0007352	1	1	2
OG0007353	1	1	2
OG0007354	1	1	2
OG0007355	1	1	2
OG0007356	1	1	2
OG0007357	1	1	2
OG0007358	1	1	2
OG0007359	1	1	2
OG0007360	1	1	2
OG0007361	1	1	2
OG0007362	1	1	2
OG0007363	1	1	2
OG0007364	2	0	2
OG0007365	1	1	2
OG0007366	1	1	2
OG0007367	1	1	2
OG0007368	1	1	2
OG0007369	1	1	2
OG0007370	1	1	2
OG0007371	1	1	2
OG0007372	2	0	2
OG0007373	1	1	2
OG0007374	1	1	2
OG0007375	2	0	2
OG0007376	1	1	2
OG0007377	1	1	2
OG0007378	1	1	2
OG0007379	1	1	2
OG0007380	2	0	2
OG0007381	1	1	2
OG0007382	1	1	2
OG0007383	1	1	2
OG0007384	1	1	2
OG0007385	1	1	2
OG0007386	1	1	2
OG0007387	1	1	2
OG0007388	1	1	2
OG0007389	1	1	2
OG0007390	1	1	2
OG0007391	1	1	2
OG0007392	1	1	2
OG0007393	1	1	2
OG0007394	1	1	2
OG0007395	1	1	2
OG0007396	1	1	2
OG0007397	1	1	2
OG0007398	1	1	2
OG0007399	2	0	2
OG0007400	1	1	2
OG0007401	1	1	2
OG0007402	1	1	2
OG0007403	1	1	2
OG0007404	1	1	2
OG0007405	1	1	2
OG0007406	1	1	2
OG0007407	1	1	2
OG0007408	1	1	2
OG0007409	2	0	2
OG0007410	2	0	2
OG0007411	1	1	2
OG0007412	1	1	2
OG0007413	1	1	2
OG0007414	1	1	2
OG0007415	1	1	2
OG0007416	1	1	2
OG0007417	1	1	2
OG0007418	1	1	2
OG0007419	1	1	2
OG0007420	1	1	2
OG0007421	1	1	2
OG0007422	2	0	2
OG0007423	1	1	2
OG0007424	1	1	2
OG0007425	1	1	2
OG0007426	1	1	2
OG0007427	1	1	2
OG0007428	1	1	2
OG0007429	1	1	2
OG0007430	1	1	2
OG0007431	2	0	2
OG0007432	1	1	2
OG0007433	1	1	2
OG0007434	1	1	2
OG0007435	1	1	2
OG0007436	1	1	2
OG0007437	1	1	2
OG0007438	1	1	2
OG0007439	1	1	2
OG0007440	1	1	2
OG0007441	1	1	2
OG0007442	1	1	2
OG0007443	1	1	2
OG0007444	1	1	2
OG0007445	1	1	2
OG0007446	1	1	2
OG0007447	1	1	2
OG0007448	1	1	2
OG0007449	1	1	2
OG0007450	1	1	2
OG0007451	1	1	2
OG0007452	1	1	2
OG0007453	1	1	2
OG0007454	1	1	2
OG0007455	1	1	2
OG0007456	2	0	2
OG0007457	1	1	2
OG0007458	1	1	2
OG0007459	1	1	2
OG0007460	2	0	2
OG0007461	1	1	2
OG0007462	1	1	2
OG0007463	1	1	2
OG0007464	2	0	2
OG0007465	1	1	2
OG0007466	1	1	2
OG0007467	1	1	2
OG0007468	2	0	2
OG0007469	2	0	2
OG0007470	1	1	2
OG0007471	1	1	2
OG0007472	1	1	2
OG0007473	1	1	2
OG0007474	1	1	2
OG0007475	1	1	2
OG0007476	1	1	2
OG0007477	1	1	2
OG0007478	1	1	2
OG0007479	1	1	2
OG0007480	1	1	2
OG0007481	2	0	2
OG0007482	1	1	2
OG0007483	1	1	2
OG0007484	1	1	2
OG0007485	1	1	2
OG0007486	1	1	2
OG0007487	1	1	2
OG0007488	1	1	2
OG0007489	2	0	2
OG0007490	1	1	2
OG0007491	1	1	2
OG0007492	1	1	2
OG0007493	1	1	2
OG0007494	1	1	2
OG0007495	1	1	2
OG0007496	1	1	2
OG0007497	1	1	2
OG0007498	1	1	2
OG0007499	1	1	2
OG0007500	1	1	2
OG0007501	1	1	2
OG0007502	1	1	2
OG0007503	1	1	2
OG0007504	1	1	2
OG0007505	1	1	2
OG0007506	1	1	2
OG0007507	1	1	2
OG0007508	1	1	2
OG0007509	1	1	2
OG0007510	2	0	2
OG0007511	1	1	2
OG0007512	1	1	2
OG0007513	1	1	2
OG0007514	1	1	2
OG0007515	2	0	2
OG0007516	2	0	2
OG0007517	1	1	2
OG0007518	1	1	2
OG0007519	1	1	2
OG0007520	1	1	2
OG0007521	1	1	2
OG0007522	1	1	2
OG0007523	1	1	2
OG0007524	2	0	2
OG0007525	1	1	2
OG0007526	1	1	2
OG0007527	1	1	2
OG0007528	1	1	2
OG0007529	1	1	2
OG0007530	1	1	2
OG0007531	1	1	2
OG0007532	1	1	2
OG0007533	1	1	2
OG0007534	1	1	2
OG0007535	1	1	2
OG0007536	1	1	2
OG0007537	1	1	2
OG0007538	1	1	2
OG0007539	1	1	2
OG0007540	2	0	2
OG0007541	1	1	2
OG0007542	1	1	2
OG0007543	2	0	2
OG0007544	2	0	2
OG0007545	1	1	2
OG0007546	1	1	2
OG0007547	1	1	2
OG0007548	1	1	2
OG0007549	1	1	2
OG0007550	1	1	2
OG0007551	1	1	2
OG0007552	1	1	2
OG0007553	1	1	2
OG0007554	2	0	2
OG0007555	1	1	2
OG0007556	1	1	2
OG0007557	1	1	2
OG0007558	2	0	2
OG0007559	2	0	2
OG0007560	1	1	2
OG0007561	1	1	2
OG0007562	1	1	2
OG0007563	1	1	2
OG0007564	1	1	2
OG0007565	1	1	2
OG0007566	1	1	2
OG0007567	1	1	2
OG0007568	1	1	2
OG0007569	1	1	2
OG0007570	1	1	2
OG0007571	1	1	2
OG0007572	2	0	2
OG0007573	1	1	2
OG0007574	1	1	2
OG0007575	1	1	2
OG0007576	1	1	2
OG0007577	2	0	2
OG0007578	1	1	2
OG0007579	1	1	2
OG0007580	1	1	2
OG0007581	1	1	2
OG0007582	1	1	2
OG0007583	2	0	2
OG0007584	1	1	2
OG0007585	1	1	2
OG0007586	1	1	2
OG0007587	1	1	2
OG0007588	2	0	2
OG0007589	1	1	2
OG0007590	1	1	2
OG0007591	1	1	2
OG0007592	1	1	2
OG0007593	1	1	2
OG0007594	1	1	2
OG0007595	1	1	2
OG0007596	1	1	2
OG0007597	1	1	2
OG0007598	1	1	2
OG0007599	2	0	2
OG0007600	1	1	2
OG0007601	1	1	2
OG0007602	1	1	2
OG0007603	1	1	2
OG0007604	1	1	2
OG0007605	2	0	2
OG0007606	2	0	2
OG0007607	1	1	2
OG0007608	1	1	2
OG0007609	1	1	2
OG0007610	1	1	2
OG0007611	1	1	2
OG0007612	1	1	2
OG0007613	1	1	2
OG0007614	1	1	2
OG0007615	1	1	2
OG0007616	1	1	2
OG0007617	1	1	2
OG0007618	1	1	2
OG0007619	2	0	2
OG0007620	1	1	2
OG0007621	1	1	2
OG0007622	1	1	2
OG0007623	2	0	2
OG0007624	1	1	2
OG0007625	1	1	2
OG0007626	1	1	2
OG0007627	1	1	2
OG0007628	1	1	2
OG0007629	1	1	2
OG0007630	1	1	2
OG0007631	1	1	2
OG0007632	1	1	2
OG0007633	1	1	2
OG0007634	1	1	2
OG0007635	1	1	2
OG0007636	1	1	2
OG0007637	1	1	2
OG0007638	1	1	2
OG0007639	1	1	2
OG0007640	1	1	2
OG0007641	1	1	2
OG0007642	2	0	2
OG0007643	1	1	2
OG0007644	1	1	2
OG0007645	1	1	2
OG0007646	1	1	2
OG0007647	1	1	2
OG0007648	1	1	2
OG0007649	1	1	2
OG0007650	1	1	2
OG0007651	1	1	2
OG0007652	1	1	2
OG0007653	1	1	2
OG0007654	1	1	2
OG0007655	1	1	2
OG0007656	1	1	2
OG0007657	1	1	2
OG0007658	1	1	2
OG0007659	1	1	2
OG0007660	1	1	2
OG0007661	1	1	2
OG0007662	1	1	2
OG0007663	2	0	2
OG0007664	1	1	2
OG0007665	1	1	2
OG0007666	1	1	2
OG0007667	1	1	2
OG0007668	1	1	2
OG0007669	1	1	2
OG0007670	1	1	2
OG0007671	1	1	2
OG0007672	1	1	2
OG0007673	1	1	2
OG0007674	1	1	2
OG0007675	1	1	2
OG0007676	1	1	2
OG0007677	1	1	2
OG0007678	1	1	2
OG0007679	1	1	2
OG0007680	1	1	2
OG0007681	1	1	2
OG0007682	1	1	2
OG0007683	1	1	2
OG0007684	1	1	2
OG0007685	1	1	2
OG0007686	1	1	2
OG0007687	1	1	2
OG0007688	1	1	2
OG0007689	1	1	2
OG0007690	1	1	2
OG0007691	1	1	2
OG0007692	1	1	2
OG0007693	2	0	2
OG0007694	2	0	2
OG0007695	1	1	2
OG0007696	1	1	2
OG0007697	1	1	2
OG0007698	1	1	2
OG0007699	1	1	2
OG0007700	1	1	2
OG0007701	1	1	2
OG0007702	2	0	2
OG0007703	2	0	2
OG0007704	2	0	2
OG0007705	1	1	2
OG0007706	1	1	2
OG0007707	1	1	2
OG0007708	1	1	2
OG0007709	1	1	2
OG0007710	1	1	2
OG0007711	1	1	2
OG0007712	1	1	2
OG0007713	1	1	2
OG0007714	1	1	2
OG0007715	1	1	2
OG0007716	1	1	2
OG0007717	1	1	2
OG0007718	1	1	2
OG0007719	1	1	2
OG0007720	1	1	2
OG0007721	1	1	2
OG0007722	1	1	2
OG0007723	1	1	2
OG0007724	1	1	2
OG0007725	1	1	2
OG0007726	1	1	2
OG0007727	1	1	2
OG0007728	1	1	2
OG0007729	1	1	2
OG0007730	1	1	2
OG0007731	2	0	2
OG0007732	2	0	2
OG0007733	1	1	2
OG0007734	1	1	2
OG0007735	1	1	2
OG0007736	1	1	2
OG0007737	1	1	2
OG0007738	2	0	2
OG0007739	1	1	2
OG0007740	2	0	2
OG0007741	1	1	2
OG0007742	1	1	2
OG0007743	1	1	2
OG0007744	1	1	2
OG0007745	1	1	2
OG0007746	1	1	2
OG0007747	1	1	2
OG0007748	1	1	2
OG0007749	1	1	2
OG0007750	1	1	2
OG0007751	1	1	2
OG0007752	1	1	2
OG0007753	1	1	2
OG0007754	1	1	2
OG0007755	1	1	2
OG0007756	1	1	2
OG0007757	1	1	2
OG0007758	1	1	2
OG0007759	1	1	2
OG0007760	1	1	2
OG0007761	1	1	2
OG0007762	1	1	2
OG0007763	1	1	2
OG0007764	1	1	2
OG0007765	2	0	2
OG0007766	1	1	2
OG0007767	1	1	2
OG0007768	1	1	2
OG0007769	1	1	2
OG0007770	1	1	2
OG0007771	1	1	2
OG0007772	1	1	2
OG0007773	1	1	2
OG0007774	2	0	2
OG0007775	1	1	2
OG0007776	1	1	2
OG0007777	1	1	2
OG0007778	1	1	2
OG0007779	1	1	2
OG0007780	1	1	2
OG0007781	1	1	2
OG0007782	1	1	2
OG0007783	1	1	2
OG0007784	1	1	2
OG0007785	1	1	2
OG0007786	1	1	2
OG0007787	1	1	2
OG0007788	1	1	2
OG0007789	1	1	2
OG0007790	1	1	2
OG0007791	1	1	2
OG0007792	1	1	2
OG0007793	1	1	2
OG0007794	1	1	2
OG0007795	1	1	2
OG0007796	1	1	2
OG0007797	1	1	2
OG0007798	1	1	2
OG0007799	2	0	2
OG0007800	1	1	2
OG0007801	1	1	2
OG0007802	1	1	2
OG0007803	2	0	2
OG0007804	1	1	2
OG0007805	1	1	2
OG0007806	1	1	2
OG0007807	2	0	2
OG0007808	1	1	2
OG0007809	1	1	2
OG0007810	1	1	2
OG0007811	1	1	2
OG0007812	1	1	2
OG0007813	1	1	2
OG0007814	1	1	2
OG0007815	2	0	2
OG0007816	1	1	2
OG0007817	1	1	2
OG0007818	1	1	2
OG0007819	2	0	2
OG0007820	1	1	2
OG0007821	1	1	2
OG0007822	1	1	2
OG0007823	1	1	2
OG0007824	1	1	2
OG0007825	2	0	2
OG0007826	1	1	2
OG0007827	1	1	2
OG0007828	1	1	2
OG0007829	1	1	2
OG0007830	1	1	2
OG0007831	2	0	2
OG0007832	1	1	2
OG0007833	1	1	2
OG0007834	1	1	2
OG0007835	1	1	2
OG0007836	1	1	2
OG0007837	1	1	2
OG0007838	1	1	2
OG0007839	1	1	2
OG0007840	1	1	2
OG0007841	1	1	2
OG0007842	1	1	2
OG0007843	1	1	2
OG0007844	1	1	2
OG0007845	1	1	2
OG0007846	1	1	2
OG0007847	1	1	2
OG0007848	2	0	2
OG0007849	1	1	2
OG0007850	1	1	2
OG0007851	1	1	2
OG0007852	1	1	2
OG0007853	1	1	2
OG0007854	1	1	2
OG0007855	1	1	2
OG0007856	1	1	2
OG0007857	1	1	2
OG0007858	1	1	2
OG0007859	1	1	2
OG0007860	1	1	2
OG0007861	1	1	2
OG0007862	1	1	2
OG0007863	1	1	2
OG0007864	1	1	2
OG0007865	1	1	2
OG0007866	2	0	2
OG0007867	2	0	2
OG0007868	1	1	2
OG0007869	1	1	2
OG0007870	1	1	2
OG0007871	1	1	2
OG0007872	1	1	2
OG0007873	1	1	2
OG0007874	1	1	2
OG0007875	2	0	2
OG0007876	1	1	2
OG0007877	2	0	2
OG0007878	1	1	2
OG0007879	1	1	2
OG0007880	1	1	2
OG0007881	1	1	2
OG0007882	1	1	2
OG0007883	1	1	2
OG0007884	2	0	2
OG0007885	1	1	2
OG0007886	1	1	2
OG0007887	1	1	2
OG0007888	1	1	2
OG0007889	1	1	2
OG0007890	1	1	2
OG0007891	1	1	2
OG0007892	1	1	2
OG0007893	1	1	2
OG0007894	1	1	2
OG0007895	1	1	2
OG0007896	1	1	2
OG0007897	1	1	2
OG0007898	1	1	2
OG0007899	1	1	2
OG0007900	1	1	2
OG0007901	1	1	2
OG0007902	1	1	2
OG0007903	1	1	2
OG0007904	2	0	2
OG0007905	1	1	2
OG0007906	1	1	2
OG0007907	1	1	2
OG0007908	1	1	2
OG0007909	1	1	2
OG0007910	1	1	2
OG0007911	1	1	2
OG0007912	1	1	2
OG0007913	1	1	2
OG0007914	1	1	2
OG0007915	1	1	2
OG0007916	1	1	2
OG0007917	1	1	2
OG0007918	1	1	2
OG0007919	1	1	2
OG0007920	1	1	2
OG0007921	1	1	2
OG0007922	1	1	2
OG0007923	1	1	2
OG0007924	1	1	2
OG0007925	1	1	2
OG0007926	2	0	2
OG0007927	1	1	2
OG0007928	1	1	2
OG0007929	1	1	2
OG0007930	1	1	2
OG0007931	1	1	2
OG0007932	1	1	2
OG0007933	1	1	2
OG0007934	1	1	2
OG0007935	1	1	2
OG0007936	1	1	2
OG0007937	1	1	2
OG0007938	1	1	2
OG0007939	1	1	2
OG0007940	1	1	2
OG0007941	1	1	2
OG0007942	1	1	2
OG0007943	1	1	2
OG0007944	1	1	2
OG0007945	1	1	2
OG0007946	1	1	2
OG0007947	1	1	2
OG0007948	1	1	2
OG0007949	1	1	2
OG0007950	1	1	2
OG0007951	1	1	2
OG0007952	1	1	2
OG0007953	1	1	2
OG0007954	1	1	2
OG0007955	1	1	2
OG0007956	1	1	2
OG0007957	1	1	2
OG0007958	1	1	2
OG0007959	1	1	2
OG0007960	1	1	2
OG0007961	2	0	2
OG0007962	2	0	2
OG0007963	1	1	2
OG0007964	1	1	2
OG0007965	1	1	2
OG0007966	1	1	2
OG0007967	1	1	2
OG0007968	1	1	2
OG0007969	1	1	2
OG0007970	1	1	2
OG0007971	2	0	2
OG0007972	1	1	2
OG0007973	1	1	2
OG0007974	1	1	2
OG0007975	1	1	2
OG0007976	1	1	2
OG0007977	1	1	2
OG0007978	1	1	2
OG0007979	1	1	2
OG0007980	1	1	2
OG0007981	1	1	2
OG0007982	1	1	2
OG0007983	1	1	2
OG0007984	1	1	2
OG0007985	1	1	2
OG0007986	1	1	2
OG0007987	1	1	2
OG0007988	1	1	2
OG0007989	1	1	2
OG0007990	1	1	2
OG0007991	1	1	2
OG0007992	1	1	2
OG0007993	1	1	2
OG0007994	1	1	2
OG0007995	1	1	2
OG0007996	2	0	2
OG0007997	1	1	2
OG0007998	1	1	2
OG0007999	1	1	2
OG0008000	1	1	2
OG0008001	1	1	2
OG0008002	1	1	2
OG0008003	1	1	2
OG0008004	1	1	2
OG0008005	2	0	2
OG0008006	1	1	2
OG0008007	1	1	2
OG0008008	1	1	2
OG0008009	1	1	2
OG0008010	1	1	2
OG0008011	1	1	2
OG0008012	1	1	2
OG0008013	1	1	2
OG0008014	1	1	2
OG0008015	1	1	2
OG0008016	1	1	2
OG0008017	1	1	2
OG0008018	1	1	2
OG0008019	1	1	2
OG0008020	1	1	2
OG0008021	1	1	2
OG0008022	1	1	2
OG0008023	1	1	2
OG0008024	1	1	2
OG0008025	1	1	2
OG0008026	1	1	2
OG0008027	1	1	2
OG0008028	1	1	2
OG0008029	1	1	2
OG0008030	2	0	2
OG0008031	1	1	2
OG0008032	1	1	2
OG0008033	1	1	2
OG0008034	1	1	2
OG0008035	1	1	2
OG0008036	1	1	2
OG0008037	1	1	2
OG0008038	1	1	2
OG0008039	1	1	2
OG0008040	1	1	2
OG0008041	1	1	2
OG0008042	1	1	2
OG0008043	1	1	2
OG0008044	1	1	2
OG0008045	2	0	2
OG0008046	1	1	2
OG0008047	1	1	2
OG0008048	1	1	2
OG0008049	1	1	2
OG0008050	1	1	2
OG0008051	1	1	2
OG0008052	1	1	2
OG0008053	1	1	2
OG0008054	1	1	2
OG0008055	1	1	2
OG0008056	1	1	2
OG0008057	1	1	2
OG0008058	1	1	2
OG0008059	1	1	2
OG0008060	2	0	2
OG0008061	1	1	2
OG0008062	1	1	2
OG0008063	1	1	2
OG0008064	2	0	2
OG0008065	1	1	2
OG0008066	1	1	2
OG0008067	1	1	2
OG0008068	1	1	2
OG0008069	1	1	2
OG0008070	1	1	2
OG0008071	1	1	2
OG0008072	1	1	2
OG0008073	1	1	2
OG0008074	1	1	2
OG0008075	1	1	2
OG0008076	1	1	2
OG0008077	1	1	2
OG0008078	1	1	2
OG0008079	1	1	2
OG0008080	1	1	2
OG0008081	1	1	2
OG0008082	1	1	2
OG0008083	1	1	2
OG0008084	1	1	2
OG0008085	1	1	2
OG0008086	1	1	2
OG0008087	1	1	2
OG0008088	1	1	2
OG0008089	1	1	2
OG0008090	1	1	2
OG0008091	1	1	2
OG0008092	1	1	2
OG0008093	1	1	2
OG0008094	1	1	2
OG0008095	1	1	2
OG0008096	1	1	2
OG0008097	1	1	2
OG0008098	1	1	2
OG0008099	1	1	2
OG0008100	1	1	2
OG0008101	1	1	2
OG0008102	1	1	2
OG0008103	1	1	2
OG0008104	1	1	2
OG0008105	1	1	2
OG0008106	1	1	2
OG0008107	1	1	2
OG0008108	1	1	2
OG0008109	1	1	2
OG0008110	1	1	2
OG0008111	1	1	2
OG0008112	1	1	2
OG0008113	1	1	2
OG0008114	1	1	2
OG0008115	1	1	2
OG0008116	1	1	2
OG0008117	1	1	2
OG0008118	1	1	2
OG0008119	1	1	2
OG0008120	1	1	2
OG0008121	2	0	2
OG0008122	1	1	2
OG0008123	1	1	2
OG0008124	1	1	2
OG0008125	2	0	2
OG0008126	1	1	2
OG0008127	1	1	2
OG0008128	1	1	2
OG0008129	1	1	2
OG0008130	2	0	2
OG0008131	1	1	2
OG0008132	1	1	2
OG0008133	2	0	2
OG0008134	1	1	2
OG0008135	1	1	2
OG0008136	2	0	2
OG0008137	1	1	2
OG0008138	1	1	2
OG0008139	1	1	2
OG0008140	1	1	2
OG0008141	1	1	2
OG0008142	1	1	2
OG0008143	1	1	2
OG0008144	1	1	2
OG0008145	2	0	2
OG0008146	1	1	2
OG0008147	1	1	2
OG0008148	1	1	2
OG0008149	1	1	2
OG0008150	1	1	2
OG0008151	2	0	2
OG0008152	1	1	2
OG0008153	1	1	2
OG0008154	1	1	2
OG0008155	1	1	2
OG0008156	1	1	2
OG0008157	2	0	2
OG0008158	1	1	2
OG0008159	2	0	2
OG0008160	1	1	2
OG0008161	1	1	2
OG0008162	1	1	2
OG0008163	1	1	2
OG0008164	1	1	2
OG0008165	1	1	2
OG0008166	1	1	2
OG0008167	1	1	2
OG0008168	1	1	2
OG0008169	1	1	2
OG0008170	1	1	2
OG0008171	1	1	2
OG0008172	1	1	2
OG0008173	1	1	2
OG0008174	1	1	2
OG0008175	2	0	2
OG0008176	1	1	2
OG0008177	1	1	2
OG0008178	1	1	2
OG0008179	1	1	2
OG0008180	1	1	2
OG0008181	1	1	2
OG0008182	1	1	2
OG0008183	1	1	2
OG0008184	2	0	2
OG0008185	1	1	2
OG0008186	1	1	2
OG0008187	1	1	2
OG0008188	1	1	2
OG0008189	1	1	2
OG0008190	1	1	2
OG0008191	1	1	2
OG0008192	1	1	2
OG0008193	1	1	2
OG0008194	1	1	2
OG0008195	1	1	2
OG0008196	1	1	2
OG0008197	1	1	2
OG0008198	1	1	2
OG0008199	1	1	2
OG0008200	1	1	2
OG0008201	2	0	2
OG0008202	1	1	2
OG0008203	1	1	2
OG0008204	1	1	2
OG0008205	1	1	2
OG0008206	1	1	2
OG0008207	1	1	2
OG0008208	1	1	2
OG0008209	1	1	2
OG0008210	1	1	2
OG0008211	1	1	2
OG0008212	1	1	2
OG0008213	1	1	2
OG0008214	1	1	2
OG0008215	1	1	2
OG0008216	1	1	2
OG0008217	1	1	2
OG0008218	1	1	2
OG0008219	1	1	2
OG0008220	1	1	2
OG0008221	1	1	2
OG0008222	1	1	2
OG0008223	1	1	2
OG0008224	1	1	2
OG0008225	1	1	2
OG0008226	1	1	2
OG0008227	1	1	2
OG0008228	1	1	2
OG0008229	2	0	2
OG0008230	1	1	2
OG0008231	1	1	2
OG0008232	1	1	2
OG0008233	1	1	2
OG0008234	2	0	2
OG0008235	1	1	2
OG0008236	1	1	2
OG0008237	1	1	2
OG0008238	1	1	2
OG0008239	1	1	2
OG0008240	1	1	2
OG0008241	1	1	2
OG0008242	1	1	2
OG0008243	1	1	2
OG0008244	1	1	2
OG0008245	1	1	2
OG0008246	1	1	2
OG0008247	1	1	2
OG0008248	1	1	2
OG0008249	2	0	2
OG0008250	1	1	2
OG0008251	1	1	2
OG0008252	1	1	2
OG0008253	1	1	2
OG0008254	2	0	2
OG0008255	1	1	2
OG0008256	1	1	2
OG0008257	1	1	2
OG0008258	1	1	2
OG0008259	1	1	2
OG0008260	1	1	2
OG0008261	1	1	2
OG0008262	1	1	2
OG0008263	1	1	2
OG0008264	2	0	2
OG0008265	1	1	2
OG0008266	2	0	2
OG0008267	1	1	2
OG0008268	1	1	2
OG0008269	1	1	2
OG0008270	1	1	2
OG0008271	1	1	2
OG0008272	1	1	2
OG0008273	1	1	2
OG0008274	1	1	2
OG0008275	2	0	2
OG0008276	1	1	2
OG0008277	2	0	2
OG0008278	2	0	2
OG0008279	1	1	2
OG0008280	1	1	2
OG0008281	1	1	2
OG0008282	1	1	2
OG0008283	1	1	2
OG0008284	1	1	2
OG0008285	1	1	2
OG0008286	1	1	2
OG0008287	1	1	2
OG0008288	1	1	2
OG0008289	1	1	2
OG0008290	1	1	2
OG0008291	1	1	2
OG0008292	1	1	2
OG0008293	1	1	2
OG0008294	1	1	2
OG0008295	1	1	2
OG0008296	2	0	2
OG0008297	1	1	2
OG0008298	1	1	2
OG0008299	1	1	2
OG0008300	1	1	2
OG0008301	1	1	2
OG0008302	1	1	2
OG0008303	2	0	2
OG0008304	1	1	2
OG0008305	1	1	2
OG0008306	1	1	2
OG0008307	1	1	2
OG0008308	1	1	2
OG0008309	1	1	2
OG0008310	1	1	2
OG0008311	1	1	2
OG0008312	1	1	2
OG0008313	1	1	2
OG0008314	1	1	2
OG0008315	1	1	2
OG0008316	1	1	2
OG0008317	1	1	2
OG0008318	1	1	2
OG0008319	1	1	2
OG0008320	1	1	2
OG0008321	1	1	2
OG0008322	2	0	2
OG0008323	1	1	2
OG0008324	1	1	2
OG0008325	1	1	2
OG0008326	1	1	2
OG0008327	1	1	2
OG0008328	1	1	2
OG0008329	2	0	2
OG0008330	1	1	2
OG0008331	1	1	2
OG0008332	1	1	2
OG0008333	2	0	2
OG0008334	1	1	2
OG0008335	1	1	2
OG0008336	1	1	2
OG0008337	1	1	2
OG0008338	1	1	2
OG0008339	2	0	2
OG0008340	2	0	2
OG0008341	1	1	2
OG0008342	1	1	2
OG0008343	1	1	2
OG0008344	1	1	2
OG0008345	1	1	2
OG0008346	1	1	2
OG0008347	1	1	2
OG0008348	1	1	2
OG0008349	1	1	2
OG0008350	1	1	2
OG0008351	1	1	2
OG0008352	1	1	2
OG0008353	1	1	2
OG0008354	1	1	2
OG0008355	1	1	2
OG0008356	1	1	2
OG0008357	1	1	2
OG0008358	1	1	2
OG0008359	1	1	2
OG0008360	1	1	2
OG0008361	1	1	2
OG0008362	1	1	2
OG0008363	1	1	2
OG0008364	1	1	2
OG0008365	1	1	2
OG0008366	1	1	2
OG0008367	1	1	2
OG0008368	1	1	2
OG0008369	1	1	2
OG0008370	2	0	2
OG0008371	1	1	2
OG0008372	1	1	2
OG0008373	1	1	2
OG0008374	1	1	2
OG0008375	1	1	2
OG0008376	1	1	2
OG0008377	1	1	2
OG0008378	1	1	2
OG0008379	1	1	2
OG0008380	1	1	2
OG0008381	1	1	2
OG0008382	1	1	2
OG0008383	1	1	2
OG0008384	1	1	2
OG0008385	1	1	2
OG0008386	1	1	2
OG0008387	1	1	2
OG0008388	1	1	2
OG0008389	1	1	2
OG0008390	1	1	2
OG0008391	1	1	2
OG0008392	1	1	2
OG0008393	1	1	2
OG0008394	1	1	2
OG0008395	1	1	2
OG0008396	1	1	2
OG0008397	1	1	2
OG0008398	1	1	2
OG0008399	1	1	2
OG0008400	1	1	2
OG0008401	1	1	2
OG0008402	1	1	2
OG0008403	1	1	2
OG0008404	1	1	2
OG0008405	1	1	2
OG0008406	2	0	2
OG0008407	1	1	2
OG0008408	1	1	2
OG0008409	1	1	2
OG0008410	1	1	2
OG0008411	1	1	2
OG0008412	1	1	2
OG0008413	1	1	2
OG0008414	1	1	2
OG0008415	1	1	2
OG0008416	1	1	2
OG0008417	1	1	2
OG0008418	1	1	2
OG0008419	1	1	2
OG0008420	1	1	2
OG0008421	1	1	2
OG0008422	1	1	2
OG0008423	1	1	2
OG0008424	2	0	2
OG0008425	1	1	2
OG0008426	1	1	2
OG0008427	1	1	2
OG0008428	1	1	2
OG0008429	1	1	2
OG0008430	1	1	2
OG0008431	1	1	2
OG0008432	1	1	2
OG0008433	1	1	2
OG0008434	1	1	2
OG0008435	1	1	2
OG0008436	1	1	2
OG0008437	1	1	2
OG0008438	1	1	2
OG0008439	1	1	2
OG0008440	1	1	2
OG0008441	1	1	2
OG0008442	2	0	2
OG0008443	1	1	2
OG0008444	2	0	2
OG0008445	1	1	2
OG0008446	2	0	2
OG0008447	1	1	2
OG0008448	1	1	2
OG0008449	1	1	2
OG0008450	1	1	2
OG0008451	2	0	2
OG0008452	1	1	2
OG0008453	1	1	2
OG0008454	1	1	2
OG0008455	1	1	2
OG0008456	1	1	2
OG0008457	1	1	2
OG0008458	1	1	2
OG0008459	1	1	2
OG0008460	1	1	2
OG0008461	1	1	2
OG0008462	1	1	2
OG0008463	1	1	2
OG0008464	1	1	2
OG0008465	1	1	2
OG0008466	1	1	2
OG0008467	1	1	2
OG0008468	1	1	2
OG0008469	1	1	2
OG0008470	1	1	2
OG0008471	1	1	2
OG0008472	1	1	2
OG0008473	2	0	2
OG0008474	1	1	2
OG0008475	1	1	2
OG0008476	1	1	2
OG0008477	1	1	2
OG0008478	1	1	2
OG0008479	1	1	2
OG0008480	2	0	2
OG0008481	1	1	2
OG0008482	1	1	2
OG0008483	1	1	2
OG0008484	1	1	2
OG0008485	1	1	2
OG0008486	1	1	2
OG0008487	1	1	2
OG0008488	1	1	2
OG0008489	1	1	2
OG0008490	2	0	2
OG0008491	1	1	2
OG0008492	1	1	2
OG0008493	1	1	2
OG0008494	1	1	2
OG0008495	1	1	2
OG0008496	1	1	2
OG0008497	1	1	2
OG0008498	1	1	2
OG0008499	1	1	2
OG0008500	1	1	2
OG0008501	1	1	2
OG0008502	1	1	2
OG0008503	1	1	2
OG0008504	1	1	2
OG0008505	1	1	2
OG0008506	1	1	2
OG0008507	2	0	2
OG0008508	1	1	2
OG0008509	2	0	2
OG0008510	1	1	2
OG0008511	1	1	2
OG0008512	1	1	2
OG0008513	1	1	2
OG0008514	1	1	2
OG0008515	1	1	2
OG0008516	1	1	2
OG0008517	1	1	2
OG0008518	1	1	2
OG0008519	1	1	2
OG0008520	1	1	2
OG0008521	1	1	2
OG0008522	1	1	2
OG0008523	1	1	2
OG0008524	1	1	2
OG0008525	2	0	2
OG0008526	1	1	2
OG0008527	1	1	2
OG0008528	2	0	2
OG0008529	1	1	2
OG0008530	2	0	2
OG0008531	1	1	2
OG0008532	1	1	2
OG0008533	1	1	2
OG0008534	1	1	2
OG0008535	1	1	2
OG0008536	1	1	2
OG0008537	1	1	2
OG0008538	1	1	2
OG0008539	1	1	2
OG0008540	1	1	2
OG0008541	1	1	2
OG0008542	1	1	2
OG0008543	1	1	2
OG0008544	1	1	2
OG0008545	1	1	2
OG0008546	1	1	2
OG0008547	1	1	2
OG0008548	1	1	2
OG0008549	1	1	2
OG0008550	1	1	2
OG0008551	1	1	2
OG0008552	1	1	2
OG0008553	1	1	2
OG0008554	1	1	2
OG0008555	1	1	2
OG0008556	1	1	2
OG0008557	1	1	2
OG0008558	1	1	2
OG0008559	2	0	2
OG0008560	1	1	2
OG0008561	1	1	2
OG0008562	1	1	2
OG0008563	1	1	2
OG0008564	1	1	2
OG0008565	1	1	2
OG0008566	1	1	2
OG0008567	1	1	2
OG0008568	1	1	2
OG0008569	1	1	2
OG0008570	1	1	2
OG0008571	1	1	2
OG0008572	1	1	2
OG0008573	1	1	2
OG0008574	1	1	2
OG0008575	1	1	2
OG0008576	2	0	2
OG0008577	1	1	2
OG0008578	1	1	2
OG0008579	1	1	2
OG0008580	1	1	2
OG0008581	1	1	2
OG0008582	1	1	2
OG0008583	1	1	2
OG0008584	1	1	2
OG0008585	1	1	2
OG0008586	1	1	2
OG0008587	2	0	2
OG0008588	1	1	2
OG0008589	1	1	2
OG0008590	2	0	2
OG0008591	1	1	2
OG0008592	1	1	2
OG0008593	1	1	2
OG0008594	1	1	2
OG0008595	1	1	2
OG0008596	1	1	2
OG0008597	1	1	2
OG0008598	1	1	2
OG0008599	1	1	2
OG0008600	1	1	2
OG0008601	1	1	2
OG0008602	1	1	2
OG0008603	1	1	2
OG0008604	1	1	2
OG0008605	1	1	2
OG0008606	1	1	2
OG0008607	1	1	2
OG0008608	1	1	2
OG0008609	1	1	2
OG0008610	1	1	2
OG0008611	2	0	2
OG0008612	1	1	2
OG0008613	1	1	2
OG0008614	1	1	2
OG0008615	1	1	2
OG0008616	1	1	2
OG0008617	1	1	2
OG0008618	1	1	2
OG0008619	1	1	2
OG0008620	1	1	2
OG0008621	1	1	2
OG0008622	1	1	2
OG0008623	1	1	2
OG0008624	1	1	2
OG0008625	1	1	2
OG0008626	1	1	2
OG0008627	2	0	2
OG0008628	1	1	2
OG0008629	1	1	2
OG0008630	1	1	2
OG0008631	1	1	2
OG0008632	1	1	2
OG0008633	1	1	2
OG0008634	1	1	2
OG0008635	1	1	2
OG0008636	2	0	2
OG0008637	1	1	2
OG0008638	1	1	2
OG0008639	1	1	2
OG0008640	1	1	2
OG0008641	1	1	2
OG0008642	1	1	2
OG0008643	1	1	2
OG0008644	1	1	2
OG0008645	1	1	2
OG0008646	1	1	2
OG0008647	1	1	2
OG0008648	1	1	2
OG0008649	1	1	2
OG0008650	1	1	2
OG0008651	1	1	2
OG0008652	1	1	2
OG0008653	1	1	2
OG0008654	2	0	2
OG0008655	1	1	2
OG0008656	1	1	2
OG0008657	1	1	2
OG0008658	1	1	2
OG0008659	1	1	2
OG0008660	1	1	2
OG0008661	1	1	2
OG0008662	1	1	2
OG0008663	1	1	2
OG0008664	1	1	2
OG0008665	1	1	2
OG0008666	1	1	2
OG0008667	1	1	2
OG0008668	1	1	2
OG0008669	1	1	2
OG0008670	1	1	2
OG0008671	1	1	2
OG0008672	1	1	2
OG0008673	1	1	2
OG0008674	1	1	2
OG0008675	2	0	2
OG0008676	1	1	2
OG0008677	1	1	2
OG0008678	1	1	2
OG0008679	1	1	2
OG0008680	1	1	2
OG0008681	1	1	2
OG0008682	1	1	2
OG0008683	1	1	2
OG0008684	1	1	2
OG0008685	1	1	2
OG0008686	1	1	2
OG0008687	1	1	2
OG0008688	1	1	2
OG0008689	1	1	2
OG0008690	1	1	2
OG0008691	1	1	2
OG0008692	1	1	2
OG0008693	2	0	2
OG0008694	1	1	2
OG0008695	1	1	2
OG0008696	2	0	2
OG0008697	1	1	2
OG0008698	1	1	2
OG0008699	2	0	2
OG0008700	1	1	2
OG0008701	1	1	2
OG0008702	1	1	2
OG0008703	1	1	2
OG0008704	1	1	2
OG0008705	1	1	2
OG0008706	1	1	2
OG0008707	1	1	2
OG0008708	1	1	2
OG0008709	1	1	2
OG0008710	1	1	2
OG0008711	1	1	2
OG0008712	1	1	2
OG0008713	1	1	2
OG0008714	1	1	2
OG0008715	1	1	2
OG0008716	1	1	2
OG0008717	1	1	2
OG0008718	1	1	2
OG0008719	1	1	2
OG0008720	1	1	2
OG0008721	1	1	2
OG0008722	1	1	2
OG0008723	1	1	2
OG0008724	1	1	2
OG0008725	1	1	2
OG0008726	1	1	2
OG0008727	1	1	2
OG0008728	1	1	2
OG0008729	1	1	2
OG0008730	1	1	2
OG0008731	1	1	2
OG0008732	1	1	2
OG0008733	1	1	2
OG0008734	1	1	2
OG0008735	1	1	2
OG0008736	1	1	2
OG0008737	1	1	2
OG0008738	1	1	2
OG0008739	1	1	2
OG0008740	1	1	2
OG0008741	2	0	2
OG0008742	2	0	2
OG0008743	1	1	2
OG0008744	1	1	2
OG0008745	2	0	2
OG0008746	2	0	2
OG0008747	1	1	2
OG0008748	1	1	2
OG0008749	2	0	2
OG0008750	1	1	2
OG0008751	1	1	2
OG0008752	1	1	2
OG0008753	1	1	2
OG0008754	1	1	2
OG0008755	1	1	2
OG0008756	1	1	2
OG0008757	1	1	2
OG0008758	2	0	2
OG0008759	1	1	2
OG0008760	1	1	2
OG0008761	1	1	2
OG0008762	1	1	2
OG0008763	1	1	2
OG0008764	1	1	2
OG0008765	1	1	2
OG0008766	1	1	2
OG0008767	1	1	2
OG0008768	1	1	2
OG0008769	1	1	2
OG0008770	2	0	2
OG0008771	1	1	2
OG0008772	1	1	2
OG0008773	1	1	2
OG0008774	1	1	2
OG0008775	1	1	2
OG0008776	1	1	2
OG0008777	1	1	2
OG0008778	2	0	2
OG0008779	1	1	2
OG0008780	1	1	2
OG0008781	1	1	2
OG0008782	1	1	2
OG0008783	1	1	2
OG0008784	1	1	2
OG0008785	1	1	2
OG0008786	1	1	2
OG0008787	1	1	2
OG0008788	1	1	2
OG0008789	1	1	2
OG0008790	2	0	2
OG0008791	1	1	2
OG0008792	1	1	2
OG0008793	2	0	2
OG0008794	1	1	2
OG0008795	1	1	2
OG0008796	1	1	2
OG0008797	1	1	2
OG0008798	1	1	2
OG0008799	1	1	2
OG0008800	1	1	2
OG0008801	1	1	2
OG0008802	1	1	2
OG0008803	1	1	2
OG0008804	1	1	2
OG0008805	1	1	2
OG0008806	1	1	2
OG0008807	1	1	2
OG0008808	1	1	2
OG0008809	2	0	2
OG0008810	1	1	2
OG0008811	1	1	2
OG0008812	1	1	2
OG0008813	1	1	2
OG0008814	1	1	2
OG0008815	1	1	2
OG0008816	1	1	2
OG0008817	1	1	2
OG0008818	1	1	2
OG0008819	1	1	2
OG0008820	1	1	2
OG0008821	1	1	2
OG0008822	1	1	2
OG0008823	1	1	2
OG0008824	1	1	2
OG0008825	1	1	2
OG0008826	1	1	2
OG0008827	1	1	2
OG0008828	1	1	2
OG0008829	1	1	2
OG0008830	1	1	2
OG0008831	1	1	2
OG0008832	1	1	2
OG0008833	1	1	2
OG0008834	1	1	2
OG0008835	1	1	2
OG0008836	1	1	2
OG0008837	1	1	2
OG0008838	1	1	2
OG0008839	1	1	2
OG0008840	1	1	2
OG0008841	1	1	2
OG0008842	1	1	2
OG0008843	1	1	2
OG0008844	1	1	2
OG0008845	1	1	2
OG0008846	1	1	2
OG0008847	1	1	2
OG0008848	1	1	2
OG0008849	1	1	2
OG0008850	1	1	2
OG0008851	1	1	2
OG0008852	1	1	2
OG0008853	2	0	2
OG0008854	1	1	2
OG0008855	1	1	2
OG0008856	1	1	2
OG0008857	1	1	2
OG0008858	1	1	2
OG0008859	1	1	2
OG0008860	1	1	2
OG0008861	1	1	2
OG0008862	1	1	2
OG0008863	1	1	2
OG0008864	1	1	2
OG0008865	1	1	2
OG0008866	1	1	2
OG0008867	1	1	2
OG0008868	2	0	2
OG0008869	1	1	2
OG0008870	1	1	2
OG0008871	2	0	2
OG0008872	1	1	2
OG0008873	1	1	2
OG0008874	1	1	2
OG0008875	1	1	2
OG0008876	1	1	2
OG0008877	1	1	2
OG0008878	1	1	2
OG0008879	1	1	2
OG0008880	1	1	2
OG0008881	1	1	2
OG0008882	1	1	2
OG0008883	1	1	2
OG0008884	1	1	2
OG0008885	1	1	2
OG0008886	1	1	2
OG0008887	1	1	2
OG0008888	1	1	2
OG0008889	1	1	2
OG0008890	1	1	2
OG0008891	1	1	2
OG0008892	1	1	2
OG0008893	1	1	2
OG0008894	1	1	2
OG0008895	1	1	2
OG0008896	1	1	2
OG0008897	1	1	2
OG0008898	1	1	2
OG0008899	1	1	2
OG0008900	1	1	2
OG0008901	1	1	2
OG0008902	1	1	2
OG0008903	1	1	2
OG0008904	1	1	2
OG0008905	1	1	2
OG0008906	1	1	2
OG0008907	1	1	2
OG0008908	1	1	2
OG0008909	1	1	2
OG0008910	1	1	2
OG0008911	1	1	2
OG0008912	1	1	2
OG0008913	1	1	2
OG0008914	1	1	2
OG0008915	1	1	2
OG0008916	1	1	2
OG0008917	1	1	2
OG0008918	1	1	2
OG0008919	1	1	2
OG0008920	1	1	2
OG0008921	1	1	2
OG0008922	1	1	2
OG0008923	1	1	2
OG0008924	1	1	2
OG0008925	1	1	2
OG0008926	2	0	2
OG0008927	1	1	2
OG0008928	1	1	2
OG0008929	2	0	2
OG0008930	1	1	2
OG0008931	1	1	2
OG0008932	1	1	2
OG0008933	1	1	2
OG0008934	1	1	2
OG0008935	1	1	2
OG0008936	1	1	2
OG0008937	1	1	2
OG0008938	1	1	2
OG0008939	1	1	2
OG0008940	1	1	2
OG0008941	1	1	2
OG0008942	1	1	2
OG0008943	1	1	2
OG0008944	1	1	2
OG0008945	1	1	2
OG0008946	1	1	2
OG0008947	1	1	2
OG0008948	1	1	2
OG0008949	1	1	2
OG0008950	1	1	2
OG0008951	1	1	2
OG0008952	1	1	2
OG0008953	1	1	2
OG0008954	1	1	2
OG0008955	1	1	2
OG0008956	1	1	2
OG0008957	2	0	2
OG0008958	1	1	2
OG0008959	1	1	2
OG0008960	1	1	2
OG0008961	1	1	2
OG0008962	1	1	2
OG0008963	1	1	2
OG0008964	1	1	2
OG0008965	2	0	2
OG0008966	1	1	2
OG0008967	1	1	2
OG0008968	1	1	2
OG0008969	1	1	2
OG0008970	1	1	2
OG0008971	1	1	2
OG0008972	1	1	2
OG0008973	1	1	2
OG0008974	1	1	2
OG0008975	1	1	2
OG0008976	1	1	2
OG0008977	1	1	2
OG0008978	1	1	2
OG0008979	2	0	2
OG0008980	1	1	2
OG0008981	1	1	2
OG0008982	1	1	2
OG0008983	1	1	2
OG0008984	2	0	2
OG0008985	1	1	2
OG0008986	1	1	2
OG0008987	1	1	2
OG0008988	1	1	2
OG0008989	1	1	2
OG0008990	1	1	2
OG0008991	1	1	2
OG0008992	1	1	2
OG0008993	1	1	2
OG0008994	1	1	2
OG0008995	1	1	2
OG0008996	1	1	2
OG0008997	1	1	2
OG0008998	1	1	2
OG0008999	1	1	2
OG0009000	1	1	2
OG0009001	1	1	2
OG0009002	1	1	2
OG0009003	1	1	2
OG0009004	1	1	2
OG0009005	2	0	2
OG0009006	1	1	2
OG0009007	1	1	2
OG0009008	2	0	2
OG0009009	1	1	2
OG0009010	1	1	2
OG0009011	1	1	2
OG0009012	2	0	2
OG0009013	1	1	2
OG0009014	1	1	2
OG0009015	2	0	2
OG0009016	1	1	2
OG0009017	1	1	2
OG0009018	1	1	2
OG0009019	1	1	2
OG0009020	1	1	2
OG0009021	1	1	2
OG0009022	1	1	2
OG0009023	1	1	2
OG0009024	1	1	2
OG0009025	1	1	2
OG0009026	1	1	2
OG0009027	1	1	2
OG0009028	1	1	2
OG0009029	1	1	2
OG0009030	1	1	2
OG0009031	1	1	2
OG0009032	1	1	2
OG0009033	1	1	2
OG0009034	1	1	2
OG0009035	1	1	2
OG0009036	1	1	2
OG0009037	1	1	2
OG0009038	1	1	2
OG0009039	1	1	2
OG0009040	1	1	2
OG0009041	1	1	2
OG0009042	1	1	2
OG0009043	1	1	2
OG0009044	1	1	2
OG0009045	1	1	2
OG0009046	1	1	2
OG0009047	1	1	2
OG0009048	1	1	2
OG0009049	1	1	2
OG0009050	1	1	2
OG0009051	1	1	2
OG0009052	1	1	2
OG0009053	1	1	2
OG0009054	1	1	2
OG0009055	1	1	2
OG0009056	1	1	2
OG0009057	1	1	2
OG0009058	1	1	2
OG0009059	1	1	2
OG0009060	1	1	2
OG0009061	1	1	2
OG0009062	1	1	2
OG0009063	1	1	2
OG0009064	1	1	2
OG0009065	1	1	2
OG0009066	1	1	2
OG0009067	1	1	2
OG0009068	1	1	2
OG0009069	1	1	2
OG0009070	1	1	2
OG0009071	1	1	2
OG0009072	1	1	2
OG0009073	2	0	2
OG0009074	1	1	2
OG0009075	1	1	2
OG0009076	1	1	2
OG0009077	1	1	2
OG0009078	1	1	2
OG0009079	1	1	2
OG0009080	1	1	2
OG0009081	1	1	2
OG0009082	1	1	2
OG0009083	1	1	2
OG0009084	1	1	2
OG0009085	1	1	2
OG0009086	1	1	2
OG0009087	1	1	2
OG0009088	1	1	2
OG0009089	1	1	2
OG0009090	1	1	2
OG0009091	1	1	2
OG0009092	1	1	2
OG0009093	1	1	2
OG0009094	1	1	2
OG0009095	1	1	2
OG0009096	1	1	2
OG0009097	1	1	2
OG0009098	1	1	2
OG0009099	1	1	2
OG0009100	1	1	2
OG0009101	1	1	2
OG0009102	1	1	2
OG0009103	1	1	2
OG0009104	1	1	2
OG0009105	1	1	2
OG0009106	1	1	2
OG0009107	1	1	2
OG0009108	1	1	2
OG0009109	1	1	2
OG0009110	1	1	2
OG0009111	1	1	2
OG0009112	1	1	2
OG0009113	1	1	2
OG0009114	1	1	2
OG0009115	1	1	2
OG0009116	1	1	2
OG0009117	2	0	2
OG0009118	1	1	2
OG0009119	1	1	2
OG0009120	1	1	2
OG0009121	1	1	2
OG0009122	1	1	2
OG0009123	1	1	2
OG0009124	1	1	2
OG0009125	1	1	2
OG0009126	1	1	2
OG0009127	1	1	2
OG0009128	1	1	2
OG0009129	1	1	2
OG0009130	1	1	2
OG0009131	2	0	2
OG0009132	1	1	2
OG0009133	1	1	2
OG0009134	1	1	2
OG0009135	1	1	2
OG0009136	2	0	2
OG0009137	1	1	2
OG0009138	1	1	2
OG0009139	1	1	2
OG0009140	2	0	2
OG0009141	1	1	2
OG0009142	1	1	2
OG0009143	1	1	2
OG0009144	1	1	2
OG0009145	1	1	2
OG0009146	1	1	2
OG0009147	1	1	2
OG0009148	1	1	2
OG0009149	1	1	2
OG0009150	1	1	2
OG0009151	1	1	2
OG0009152	1	1	2
OG0009153	1	1	2
OG0009154	1	1	2
OG0009155	1	1	2
OG0009156	2	0	2
OG0009157	1	1	2
OG0009158	1	1	2
OG0009159	1	1	2
OG0009160	1	1	2
OG0009161	1	1	2
OG0009162	1	1	2
OG0009163	1	1	2
OG0009164	1	1	2
OG0009165	1	1	2
OG0009166	1	1	2
OG0009167	1	1	2
OG0009168	1	1	2
OG0009169	1	1	2
OG0009170	1	1	2
OG0009171	1	1	2
OG0009172	1	1	2
OG0009173	1	1	2
OG0009174	1	1	2
OG0009175	1	1	2
OG0009176	1	1	2
OG0009177	1	1	2
OG0009178	1	1	2
OG0009179	1	1	2
OG0009180	1	1	2
OG0009181	2	0	2
OG0009182	1	1	2
OG0009183	1	1	2
OG0009184	1	1	2
OG0009185	1	1	2
OG0009186	1	1	2
OG0009187	1	1	2
OG0009188	1	1	2
OG0009189	1	1	2
OG0009190	1	1	2
OG0009191	1	1	2
OG0009192	1	1	2
OG0009193	1	1	2
OG0009194	1	1	2
OG0009195	1	1	2
OG0009196	1	1	2
OG0009197	1	1	2
OG0009198	1	1	2
OG0009199	1	1	2
OG0009200	1	1	2
OG0009201	1	1	2
OG0009202	1	1	2
OG0009203	2	0	2
OG0009204	1	1	2
OG0009205	1	1	2
OG0009206	1	1	2
OG0009207	1	1	2
OG0009208	1	1	2
OG0009209	1	1	2
OG0009210	1	1	2
OG0009211	1	1	2
OG0009212	1	1	2
OG0009213	1	1	2
OG0009214	2	0	2
OG0009215	1	1	2
OG0009216	1	1	2
OG0009217	1	1	2
OG0009218	1	1	2
OG0009219	1	1	2
OG0009220	1	1	2
OG0009221	1	1	2
OG0009222	1	1	2
OG0009223	1	1	2
OG0009224	1	1	2
OG0009225	1	1	2
OG0009226	1	1	2
OG0009227	1	1	2
OG0009228	1	1	2
OG0009229	1	1	2
OG0009230	1	1	2
OG0009231	1	1	2
OG0009232	1	1	2
OG0009233	1	1	2
OG0009234	1	1	2
OG0009235	1	1	2
OG0009236	1	1	2
OG0009237	1	1	2
OG0009238	1	1	2
OG0009239	1	1	2
OG0009240	1	1	2
OG0009241	1	1	2
OG0009242	1	1	2
OG0009243	1	1	2
OG0009244	1	1	2
OG0009245	2	0	2
OG0009246	1	1	2
OG0009247	1	1	2
OG0009248	1	1	2
OG0009249	1	1	2
OG0009250	1	1	2
OG0009251	2	0	2
OG0009252	1	1	2
OG0009253	1	1	2
OG0009254	1	1	2
OG0009255	2	0	2
OG0009256	1	1	2
OG0009257	2	0	2
OG0009258	1	1	2
OG0009259	1	1	2
OG0009260	1	1	2
OG0009261	1	1	2
OG0009262	1	1	2
OG0009263	1	1	2
OG0009264	2	0	2
OG0009265	1	1	2
OG0009266	1	1	2
OG0009267	1	1	2
OG0009268	1	1	2
OG0009269	1	1	2
OG0009270	1	1	2
OG0009271	1	1	2
OG0009272	1	1	2
OG0009273	1	1	2
OG0009274	1	1	2
OG0009275	1	1	2
OG0009276	1	1	2
OG0009277	1	1	2
OG0009278	1	1	2
OG0009279	1	1	2
OG0009280	1	1	2
OG0009281	1	1	2
OG0009282	1	1	2
OG0009283	1	1	2
OG0009284	2	0	2
OG0009285	1	1	2
OG0009286	2	0	2
OG0009287	1	1	2
OG0009288	1	1	2
OG0009289	1	1	2
OG0009290	1	1	2
OG0009291	1	1	2
OG0009292	1	1	2
OG0009293	1	1	2
OG0009294	1	1	2
OG0009295	1	1	2
OG0009296	1	1	2
OG0009297	1	1	2
OG0009298	1	1	2
OG0009299	1	1	2
OG0009300	1	1	2
OG0009301	1	1	2
OG0009302	1	1	2
OG0009303	1	1	2
OG0009304	1	1	2
OG0009305	1	1	2
OG0009306	1	1	2
OG0009307	1	1	2
OG0009308	1	1	2
OG0009309	1	1	2
OG0009310	1	1	2
OG0009311	1	1	2
OG0009312	1	1	2
OG0009313	1	1	2
OG0009314	2	0	2
OG0009315	2	0	2
OG0009316	1	1	2
OG0009317	1	1	2
OG0009318	1	1	2
OG0009319	1	1	2
OG0009320	1	1	2
OG0009321	1	1	2
OG0009322	1	1	2
OG0009323	1	1	2
OG0009324	1	1	2
OG0009325	1	1	2
OG0009326	1	1	2
OG0009327	1	1	2
OG0009328	1	1	2
OG0009329	1	1	2
OG0009330	1	1	2
OG0009331	1	1	2
OG0009332	1	1	2
OG0009333	1	1	2
OG0009334	1	1	2
OG0009335	1	1	2
OG0009336	1	1	2
OG0009337	1	1	2
OG0009338	1	1	2
OG0009339	2	0	2
OG0009340	1	1	2
OG0009341	1	1	2
OG0009342	1	1	2
OG0009343	1	1	2
OG0009344	1	1	2
OG0009345	1	1	2
OG0009346	1	1	2
OG0009347	1	1	2
OG0009348	1	1	2
OG0009349	2	0	2
OG0009350	2	0	2
OG0009351	1	1	2
OG0009352	1	1	2
OG0009353	1	1	2
OG0009354	1	1	2
OG0009355	1	1	2
OG0009356	1	1	2
OG0009357	1	1	2
OG0009358	1	1	2
OG0009359	1	1	2
OG0009360	1	1	2
OG0009361	1	1	2
OG0009362	1	1	2
OG0009363	1	1	2
OG0009364	1	1	2
OG0009365	1	1	2
OG0009366	1	1	2
OG0009367	1	1	2
OG0009368	1	1	2
OG0009369	1	1	2
OG0009370	1	1	2
OG0009371	1	1	2
OG0009372	1	1	2
OG0009373	2	0	2
OG0009374	1	1	2
OG0009375	1	1	2
OG0009376	1	1	2
OG0009377	1	1	2
OG0009378	1	1	2
OG0009379	1	1	2
OG0009380	1	1	2
OG0009381	1	1	2
OG0009382	1	1	2
OG0009383	1	1	2
OG0009384	1	1	2
OG0009385	1	1	2
OG0009386	2	0	2
OG0009387	2	0	2
OG0009388	1	1	2
OG0009389	2	0	2
OG0009390	1	1	2
OG0009391	1	1	2
OG0009392	1	1	2
OG0009393	1	1	2
OG0009394	1	1	2
OG0009395	1	1	2
OG0009396	1	1	2
OG0009397	1	1	2
OG0009398	1	1	2
OG0009399	1	1	2
OG0009400	1	1	2
OG0009401	1	1	2
OG0009402	1	1	2
OG0009403	1	1	2
OG0009404	1	1	2
OG0009405	1	1	2
OG0009406	1	1	2
OG0009407	1	1	2
OG0009408	1	1	2
OG0009409	1	1	2
OG0009410	1	1	2
OG0009411	1	1	2
OG0009412	1	1	2
OG0009413	1	1	2
OG0009414	1	1	2
OG0009415	1	1	2
OG0009416	1	1	2
OG0009417	1	1	2
OG0009418	1	1	2
OG0009419	1	1	2
OG0009420	1	1	2
OG0009421	1	1	2
OG0009422	1	1	2
OG0009423	1	1	2
OG0009424	1	1	2
OG0009425	1	1	2
OG0009426	1	1	2
OG0009427	1	1	2
OG0009428	1	1	2
OG0009429	2	0	2
OG0009430	1	1	2
OG0009431	1	1	2
OG0009432	1	1	2
OG0009433	1	1	2
OG0009434	1	1	2
OG0009435	1	1	2
OG0009436	1	1	2
OG0009437	1	1	2
OG0009438	1	1	2
OG0009439	1	1	2
OG0009440	1	1	2
OG0009441	2	0	2
OG0009442	1	1	2
OG0009443	1	1	2
OG0009444	1	1	2
OG0009445	1	1	2
OG0009446	1	1	2
OG0009447	2	0	2
OG0009448	1	1	2
OG0009449	1	1	2
OG0009450	1	1	2
OG0009451	1	1	2
OG0009452	1	1	2
OG0009453	1	1	2
OG0009454	1	1	2
OG0009455	1	1	2
OG0009456	2	0	2
OG0009457	2	0	2
OG0009458	1	1	2
OG0009459	1	1	2
OG0009460	1	1	2
OG0009461	1	1	2
OG0009462	1	1	2
OG0009463	1	1	2
OG0009464	1	1	2
OG0009465	1	1	2
OG0009466	1	1	2
OG0009467	1	1	2
OG0009468	1	1	2
OG0009469	1	1	2
OG0009470	1	1	2
OG0009471	1	1	2
OG0009472	2	0	2
OG0009473	2	0	2
OG0009474	1	1	2
OG0009475	2	0	2
OG0009476	1	1	2
OG0009477	1	1	2
OG0009478	1	1	2
OG0009479	1	1	2
OG0009480	1	1	2
OG0009481	1	1	2
OG0009482	1	1	2
OG0009483	1	1	2
OG0009484	1	1	2
OG0009485	1	1	2
OG0009486	1	1	2
OG0009487	1	1	2
OG0009488	1	1	2
OG0009489	1	1	2
OG0009490	1	1	2
OG0009491	1	1	2
OG0009492	2	0	2
OG0009493	1	1	2
OG0009494	1	1	2
OG0009495	1	1	2
OG0009496	1	1	2
OG0009497	1	1	2
OG0009498	1	1	2
OG0009499	1	1	2
OG0009500	1	1	2
OG0009501	1	1	2
OG0009502	1	1	2
OG0009503	1	1	2
OG0009504	1	1	2
OG0009505	1	1	2
OG0009506	1	1	2
OG0009507	1	1	2
OG0009508	1	1	2
OG0009509	1	1	2
OG0009510	1	1	2
OG0009511	2	0	2
OG0009512	1	1	2
OG0009513	1	1	2
OG0009514	1	1	2
OG0009515	1	1	2
OG0009516	1	1	2
OG0009517	1	1	2
OG0009518	1	1	2
OG0009519	2	0	2
OG0009520	1	1	2
OG0009521	2	0	2
OG0009522	1	1	2
OG0009523	1	1	2
OG0009524	2	0	2
OG0009525	1	1	2
OG0009526	1	1	2
OG0009527	1	1	2
OG0009528	1	1	2
OG0009529	1	1	2
OG0009530	1	1	2
OG0009531	1	1	2
OG0009532	1	1	2
OG0009533	1	1	2
OG0009534	1	1	2
OG0009535	1	1	2
OG0009536	2	0	2
OG0009537	1	1	2
OG0009538	1	1	2
OG0009539	1	1	2
OG0009540	1	1	2
OG0009541	1	1	2
OG0009542	1	1	2
OG0009543	1	1	2
OG0009544	1	1	2
OG0009545	1	1	2
OG0009546	2	0	2
OG0009547	1	1	2
OG0009548	1	1	2
OG0009549	1	1	2
OG0009550	1	1	2
OG0009551	1	1	2
OG0009552	1	1	2
OG0009553	1	1	2
OG0009554	1	1	2
OG0009555	1	1	2
OG0009556	1	1	2
OG0009557	1	1	2
OG0009558	1	1	2
OG0009559	1	1	2
OG0009560	1	1	2
OG0009561	1	1	2
OG0009562	1	1	2
OG0009563	1	1	2
OG0009564	1	1	2
OG0009565	1	1	2
OG0009566	1	1	2
OG0009567	1	1	2
OG0009568	2	0	2
OG0009569	1	1	2
OG0009570	1	1	2
OG0009571	1	1	2
OG0009572	1	1	2
OG0009573	1	1	2
OG0009574	1	1	2
OG0009575	1	1	2
OG0009576	1	1	2
OG0009577	1	1	2
OG0009578	1	1	2
OG0009579	1	1	2
OG0009580	1	1	2
OG0009581	1	1	2
OG0009582	1	1	2
OG0009583	1	1	2
OG0009584	1	1	2
OG0009585	1	1	2
OG0009586	1	1	2
OG0009587	1	1	2
OG0009588	1	1	2
OG0009589	1	1	2
OG0009590	2	0	2
OG0009591	1	1	2
OG0009592	1	1	2
OG0009593	1	1	2
OG0009594	1	1	2
OG0009595	1	1	2
OG0009596	1	1	2
OG0009597	1	1	2
OG0009598	1	1	2
OG0009599	1	1	2
OG0009600	1	1	2
OG0009601	1	1	2
OG0009602	2	0	2
OG0009603	1	1	2
OG0009604	1	1	2
OG0009605	1	1	2
OG0009606	1	1	2
OG0009607	1	1	2
OG0009608	1	1	2
OG0009609	1	1	2
OG0009610	1	1	2
OG0009611	1	1	2
OG0009612	1	1	2
OG0009613	1	1	2
OG0009614	1	1	2
OG0009615	1	1	2
OG0009616	1	1	2
OG0009617	1	1	2
OG0009618	1	1	2
OG0009619	1	1	2
OG0009620	1	1	2
OG0009621	1	1	2
OG0009622	1	1	2
OG0009623	1	1	2
OG0009624	2	0	2
OG0009625	2	0	2
OG0009626	1	1	2
OG0009627	1	1	2
OG0009628	1	1	2
OG0009629	1	1	2
OG0009630	1	1	2
OG0009631	1	1	2
OG0009632	1	1	2
OG0009633	1	1	2
OG0009634	1	1	2
OG0009635	1	1	2
OG0009636	1	1	2
OG0009637	1	1	2
OG0009638	1	1	2
OG0009639	2	0	2
OG0009640	1	1	2
OG0009641	1	1	2
OG0009642	2	0	2
OG0009643	1	1	2
OG0009644	1	1	2
OG0009645	1	1	2
OG0009646	1	1	2
OG0009647	1	1	2
OG0009648	1	1	2
OG0009649	1	1	2
OG0009650	1	1	2
OG0009651	1	1	2
OG0009652	1	1	2
OG0009653	1	1	2
OG0009654	1	1	2
OG0009655	2	0	2
OG0009656	1	1	2
OG0009657	1	1	2
OG0009658	1	1	2
OG0009659	1	1	2
OG0009660	1	1	2
OG0009661	1	1	2
OG0009662	1	1	2
OG0009663	1	1	2
OG0009664	1	1	2
OG0009665	1	1	2
OG0009666	1	1	2
OG0009667	1	1	2
OG0009668	1	1	2
OG0009669	1	1	2
OG0009670	1	1	2
OG0009671	1	1	2
OG0009672	1	1	2
OG0009673	1	1	2
OG0009674	1	1	2
OG0009675	2	0	2
OG0009676	1	1	2
OG0009677	1	1	2
OG0009678	1	1	2
OG0009679	1	1	2
OG0009680	1	1	2
OG0009681	1	1	2
OG0009682	1	1	2
OG0009683	1	1	2
OG0009684	1	1	2
OG0009685	1	1	2
OG0009686	1	1	2
OG0009687	1	1	2
OG0009688	1	1	2
OG0009689	1	1	2
OG0009690	1	1	2
OG0009691	1	1	2
OG0009692	1	1	2
OG0009693	1	1	2
OG0009694	1	1	2
OG0009695	1	1	2
OG0009696	1	1	2
OG0009697	1	1	2
OG0009698	1	1	2
OG0009699	1	1	2
OG0009700	1	1	2
OG0009701	1	1	2
OG0009702	1	1	2
OG0009703	1	1	2
OG0009704	1	1	2
OG0009705	1	1	2
OG0009706	1	1	2
OG0009707	1	1	2
OG0009708	1	1	2
OG0009709	1	1	2
OG0009710	1	1	2
OG0009711	1	1	2
OG0009712	1	1	2
OG0009713	1	1	2
OG0009714	1	1	2
OG0009715	1	1	2
OG0009716	1	1	2
OG0009717	1	1	2
OG0009718	1	1	2
OG0009719	1	1	2
OG0009720	1	1	2
OG0009721	1	1	2
OG0009722	1	1	2
OG0009723	1	1	2
OG0009724	1	1	2
OG0009725	1	1	2
OG0009726	1	1	2
OG0009727	1	1	2
OG0009728	1	1	2
OG0009729	1	1	2
OG0009730	1	1	2
OG0009731	1	1	2
OG0009732	2	0	2
OG0009733	1	1	2
OG0009734	2	0	2
OG0009735	1	1	2
OG0009736	1	1	2
OG0009737	1	1	2
OG0009738	1	1	2
OG0009739	1	1	2
OG0009740	1	1	2
OG0009741	1	1	2
OG0009742	1	1	2
OG0009743	1	1	2
OG0009744	1	1	2
OG0009745	1	1	2
OG0009746	1	1	2
OG0009747	1	1	2
OG0009748	1	1	2
OG0009749	2	0	2
OG0009750	1	1	2
OG0009751	1	1	2
OG0009752	1	1	2
OG0009753	1	1	2
OG0009754	1	1	2
OG0009755	1	1	2
OG0009756	1	1	2
OG0009757	2	0	2
OG0009758	1	1	2
OG0009759	1	1	2
OG0009760	1	1	2
OG0009761	1	1	2
OG0009762	1	1	2
OG0009763	1	1	2
OG0009764	1	1	2
OG0009765	1	1	2
OG0009766	1	1	2
OG0009767	1	1	2
OG0009768	1	1	2
OG0009769	1	1	2
OG0009770	1	1	2
OG0009771	1	1	2
OG0009772	1	1	2
OG0009773	2	0	2
OG0009774	1	1	2
OG0009775	1	1	2
OG0009776	1	1	2
OG0009777	1	1	2
OG0009778	1	1	2
OG0009779	1	1	2
OG0009780	1	1	2
OG0009781	1	1	2
OG0009782	1	1	2
OG0009783	2	0	2
OG0009784	1	1	2
OG0009785	1	1	2
OG0009786	1	1	2
OG0009787	1	1	2
OG0009788	1	1	2
OG0009789	1	1	2
OG0009790	1	1	2
OG0009791	1	1	2
OG0009792	1	1	2
OG0009793	1	1	2
OG0009794	1	1	2
OG0009795	1	1	2
OG0009796	1	1	2
OG0009797	1	1	2
OG0009798	1	1	2
OG0009799	1	1	2
OG0009800	1	1	2
OG0009801	1	1	2
OG0009802	1	1	2
OG0009803	1	1	2
OG0009804	2	0	2
OG0009805	1	1	2
OG0009806	1	1	2
OG0009807	1	1	2
OG0009808	1	1	2
OG0009809	2	0	2
OG0009810	1	1	2
OG0009811	1	1	2
OG0009812	1	1	2
OG0009813	1	1	2
OG0009814	1	1	2
OG0009815	1	1	2
OG0009816	1	1	2
OG0009817	1	1	2
OG0009818	1	1	2
OG0009819	1	1	2
OG0009820	1	1	2
OG0009821	1	1	2
OG0009822	1	1	2
OG0009823	1	1	2
OG0009824	1	1	2
OG0009825	1	1	2
OG0009826	1	1	2
OG0009827	1	1	2
OG0009828	2	0	2
OG0009829	1	1	2
OG0009830	1	1	2
OG0009831	1	1	2
OG0009832	1	1	2
OG0009833	1	1	2
OG0009834	1	1	2
OG0009835	1	1	2
OG0009836	1	1	2
OG0009837	1	1	2
OG0009838	1	1	2
OG0009839	1	1	2
OG0009840	1	1	2
OG0009841	1	1	2
OG0009842	1	1	2
OG0009843	1	1	2
OG0009844	1	1	2
OG0009845	1	1	2
OG0009846	1	1	2
OG0009847	1	1	2
OG0009848	1	1	2
OG0009849	1	1	2
OG0009850	1	1	2
OG0009851	1	1	2
OG0009852	1	1	2
OG0009853	2	0	2
OG0009854	1	1	2
OG0009855	1	1	2
OG0009856	1	1	2
OG0009857	1	1	2
OG0009858	1	1	2
OG0009859	1	1	2
OG0009860	1	1	2
OG0009861	1	1	2
OG0009862	1	1	2
OG0009863	1	1	2
OG0009864	1	1	2
OG0009865	1	1	2
OG0009866	1	1	2
OG0009867	2	0	2
OG0009868	1	1	2
OG0009869	1	1	2
OG0009870	1	1	2
OG0009871	1	1	2
OG0009872	1	1	2
OG0009873	1	1	2
OG0009874	2	0	2
OG0009875	1	1	2
OG0009876	1	1	2
OG0009877	1	1	2
OG0009878	1	1	2
OG0009879	1	1	2
OG0009880	1	1	2
OG0009881	1	1	2
OG0009882	1	1	2
OG0009883	1	1	2
OG0009884	1	1	2
OG0009885	1	1	2
OG0009886	1	1	2
OG0009887	1	1	2
OG0009888	1	1	2
OG0009889	1	1	2
OG0009890	1	1	2
OG0009891	1	1	2
OG0009892	1	1	2
OG0009893	2	0	2
OG0009894	1	1	2
OG0009895	2	0	2
OG0009896	2	0	2
OG0009897	1	1	2
OG0009898	1	1	2
OG0009899	2	0	2
OG0009900	1	1	2
OG0009901	1	1	2
OG0009902	1	1	2
OG0009903	1	1	2
OG0009904	1	1	2
OG0009905	1	1	2
OG0009906	1	1	2
OG0009907	1	1	2
OG0009908	1	1	2
OG0009909	1	1	2
OG0009910	1	1	2
OG0009911	1	1	2
OG0009912	2	0	2
OG0009913	1	1	2
OG0009914	1	1	2
OG0009915	1	1	2
OG0009916	1	1	2
OG0009917	1	1	2
OG0009918	1	1	2
OG0009919	1	1	2
OG0009920	1	1	2
OG0009921	1	1	2
OG0009922	1	1	2
OG0009923	1	1	2
OG0009924	1	1	2
OG0009925	1	1	2
OG0009926	1	1	2
OG0009927	1	1	2
OG0009928	1	1	2
OG0009929	1	1	2
OG0009930	1	1	2
OG0009931	1	1	2
OG0009932	1	1	2
OG0009933	1	1	2
OG0009934	1	1	2
OG0009935	1	1	2
OG0009936	1	1	2
OG0009937	1	1	2
OG0009938	1	1	2
OG0009939	1	1	2
OG0009940	1	1	2
OG0009941	1	1	2
OG0009942	1	1	2
OG0009943	1	1	2
OG0009944	1	1	2
OG0009945	1	1	2
OG0009946	1	1	2
OG0009947	1	1	2
OG0009948	1	1	2
OG0009949	1	1	2
OG0009950	1	1	2
OG0009951	1	1	2
OG0009952	1	1	2
OG0009953	1	1	2
OG0009954	1	1	2
OG0009955	1	1	2
OG0009956	1	1	2
OG0009957	1	1	2
OG0009958	1	1	2
OG0009959	1	1	2
OG0009960	1	1	2
OG0009961	1	1	2
OG0009962	1	1	2
OG0009963	1	1	2
OG0009964	1	1	2
OG0009965	1	1	2
OG0009966	1	1	2
OG0009967	1	1	2
OG0009968	2	0	2
OG0009969	2	0	2
OG0009970	1	1	2
OG0009971	2	0	2
OG0009972	1	1	2
OG0009973	2	0	2
OG0009974	1	1	2
OG0009975	1	1	2
OG0009976	1	1	2
OG0009977	1	1	2
OG0009978	1	1	2
OG0009979	1	1	2
OG0009980	1	1	2
OG0009981	1	1	2
OG0009982	1	1	2
OG0009983	1	1	2
OG0009984	1	1	2
OG0009985	1	1	2
OG0009986	1	1	2
OG0009987	1	1	2
OG0009988	1	1	2
OG0009989	1	1	2
OG0009990	1	1	2
OG0009991	1	1	2
OG0009992	1	1	2
OG0009993	1	1	2
OG0009994	1	1	2
OG0009995	1	1	2
OG0009996	1	1	2
OG0009997	1	1	2
OG0009998	1	1	2
OG0009999	1	1	2
OG0010000	1	1	2
OG0010001	1	1	2
OG0010002	1	1	2
OG0010003	1	1	2
OG0010004	1	1	2
OG0010005	1	1	2
OG0010006	1	1	2
OG0010007	1	1	2
OG0010008	1	1	2
OG0010009	1	1	2
OG0010010	1	1	2
OG0010011	1	1	2
OG0010012	1	1	2
OG0010013	1	1	2
OG0010014	1	1	2
OG0010015	1	1	2
OG0010016	1	1	2
OG0010017	1	1	2
OG0010018	1	1	2
OG0010019	1	1	2
OG0010020	1	1	2
OG0010021	1	1	2
OG0010022	1	1	2
OG0010023	1	1	2
OG0010024	1	1	2
OG0010025	1	1	2
OG0010026	1	1	2
OG0010027	1	1	2
OG0010028	1	1	2
OG0010029	1	1	2
OG0010030	1	1	2
OG0010031	1	1	2
OG0010032	2	0	2
OG0010033	1	1	2
OG0010034	1	1	2
OG0010035	1	1	2
OG0010036	1	1	2
OG0010037	1	1	2
OG0010038	1	1	2
OG0010039	1	1	2
OG0010040	1	1	2
OG0010041	1	1	2
OG0010042	1	1	2
OG0010043	1	1	2
OG0010044	1	1	2
OG0010045	2	0	2
OG0010046	1	1	2
OG0010047	1	1	2
OG0010048	1	1	2
OG0010049	1	1	2
OG0010050	1	1	2
OG0010051	1	1	2
OG0010052	1	1	2
OG0010053	1	1	2
OG0010054	1	1	2
OG0010055	1	1	2
OG0010056	1	1	2
OG0010057	1	1	2
OG0010058	1	1	2
OG0010059	1	1	2
OG0010060	2	0	2
OG0010061	1	1	2
OG0010062	1	1	2
OG0010063	1	1	2
OG0010064	1	1	2
OG0010065	1	1	2
OG0010066	2	0	2
OG0010067	1	1	2
OG0010068	1	1	2
OG0010069	1	1	2
OG0010070	1	1	2
OG0010071	1	1	2
OG0010072	1	1	2
OG0010073	1	1	2
OG0010074	1	1	2
OG0010075	1	1	2
OG0010076	1	1	2
OG0010077	1	1	2
OG0010078	1	1	2
OG0010079	1	1	2
OG0010080	1	1	2
OG0010081	1	1	2
OG0010082	1	1	2
OG0010083	1	1	2
OG0010084	1	1	2
OG0010085	1	1	2
OG0010086	1	1	2
OG0010087	1	1	2
OG0010088	1	1	2
OG0010089	1	1	2
OG0010090	1	1	2
OG0010091	2	0	2
OG0010092	1	1	2
OG0010093	1	1	2
OG0010094	1	1	2
OG0010095	1	1	2
OG0010096	1	1	2
OG0010097	1	1	2
OG0010098	1	1	2
OG0010099	1	1	2
OG0010100	1	1	2
OG0010101	1	1	2
OG0010102	1	1	2
OG0010103	1	1	2
OG0010104	1	1	2
OG0010105	1	1	2
OG0010106	1	1	2
OG0010107	1	1	2
OG0010108	1	1	2
OG0010109	1	1	2
OG0010110	1	1	2
OG0010111	1	1	2
OG0010112	2	0	2
OG0010113	1	1	2
OG0010114	1	1	2
OG0010115	1	1	2
OG0010116	1	1	2
OG0010117	1	1	2
OG0010118	1	1	2
OG0010119	1	1	2
OG0010120	1	1	2
OG0010121	1	1	2
OG0010122	1	1	2
OG0010123	1	1	2
OG0010124	1	1	2
OG0010125	1	1	2
OG0010126	1	1	2
OG0010127	1	1	2
OG0010128	1	1	2
OG0010129	1	1	2
OG0010130	1	1	2
OG0010131	1	1	2
OG0010132	1	1	2
OG0010133	1	1	2
OG0010134	1	1	2
OG0010135	1	1	2
OG0010136	1	1	2
OG0010137	1	1	2
OG0010138	2	0	2
OG0010139	1	1	2
OG0010140	1	1	2
OG0010141	1	1	2
OG0010142	2	0	2
OG0010143	2	0	2
OG0010144	1	1	2
OG0010145	1	1	2
OG0010146	1	1	2
OG0010147	1	1	2
OG0010148	1	1	2
OG0010149	1	1	2
OG0010150	1	1	2
OG0010151	1	1	2
OG0010152	1	1	2
OG0010153	1	1	2
OG0010154	1	1	2
OG0010155	1	1	2
OG0010156	1	1	2
OG0010157	1	1	2
OG0010158	1	1	2
OG0010159	1	1	2
OG0010160	1	1	2
OG0010161	1	1	2
OG0010162	1	1	2
OG0010163	1	1	2
OG0010164	1	1	2
OG0010165	1	1	2
OG0010166	1	1	2
OG0010167	2	0	2
OG0010168	1	1	2
OG0010169	1	1	2
OG0010170	1	1	2
OG0010171	1	1	2
OG0010172	1	1	2
OG0010173	1	1	2
OG0010174	1	1	2
OG0010175	1	1	2
OG0010176	1	1	2
OG0010177	1	1	2
OG0010178	1	1	2
OG0010179	1	1	2
OG0010180	1	1	2
OG0010181	1	1	2
OG0010182	1	1	2
OG0010183	1	1	2
OG0010184	1	1	2
OG0010185	1	1	2
OG0010186	1	1	2
OG0010187	1	1	2
OG0010188	1	1	2
OG0010189	1	1	2
OG0010190	1	1	2
OG0010191	1	1	2
OG0010192	1	1	2
OG0010193	1	1	2
OG0010194	1	1	2
OG0010195	1	1	2
OG0010196	2	0	2
OG0010197	1	1	2
OG0010198	1	1	2
OG0010199	1	1	2
OG0010200	1	1	2
OG0010201	2	0	2
OG0010202	1	1	2
OG0010203	1	1	2
OG0010204	2	0	2
OG0010205	1	1	2
OG0010206	1	1	2
OG0010207	1	1	2
OG0010208	1	1	2
OG0010209	1	1	2
OG0010210	1	1	2
OG0010211	1	1	2
OG0010212	1	1	2
OG0010213	1	1	2
OG0010214	1	1	2
OG0010215	1	1	2
OG0010216	1	1	2
OG0010217	1	1	2
OG0010218	1	1	2
OG0010219	1	1	2
OG0010220	1	1	2
OG0010221	1	1	2
OG0010222	1	1	2
OG0010223	1	1	2
OG0010224	1	1	2
OG0010225	1	1	2
OG0010226	1	1	2
OG0010227	1	1	2
OG0010228	1	1	2
OG0010229	1	1	2
OG0010230	1	1	2
OG0010231	1	1	2
OG0010232	1	1	2
OG0010233	1	1	2
OG0010234	1	1	2
OG0010235	1	1	2
OG0010236	1	1	2
OG0010237	1	1	2
OG0010238	1	1	2
OG0010239	2	0	2
OG0010240	1	1	2
OG0010241	1	1	2
OG0010242	1	1	2
OG0010243	1	1	2
OG0010244	1	1	2
OG0010245	2	0	2
OG0010246	1	1	2
OG0010247	1	1	2
OG0010248	1	1	2
OG0010249	1	1	2
OG0010250	1	1	2
OG0010251	1	1	2
OG0010252	1	1	2
OG0010253	1	1	2
OG0010254	1	1	2
OG0010255	1	1	2
OG0010256	1	1	2
OG0010257	1	1	2
OG0010258	1	1	2
OG0010259	1	1	2
OG0010260	1	1	2
OG0010261	1	1	2
OG0010262	1	1	2
OG0010263	2	0	2
OG0010264	2	0	2
OG0010265	1	1	2
OG0010266	1	1	2
OG0010267	1	1	2
OG0010268	1	1	2
OG0010269	1	1	2
OG0010270	2	0	2
OG0010271	1	1	2
OG0010272	1	1	2
OG0010273	1	1	2
OG0010274	1	1	2
OG0010275	1	1	2
OG0010276	1	1	2
OG0010277	1	1	2
OG0010278	1	1	2
OG0010279	1	1	2
OG0010280	1	1	2
OG0010281	1	1	2
OG0010282	1	1	2
OG0010283	1	1	2
OG0010284	1	1	2
OG0010285	1	1	2
OG0010286	1	1	2
OG0010287	1	1	2
OG0010288	1	1	2
OG0010289	1	1	2
OG0010290	1	1	2
OG0010291	1	1	2
OG0010292	1	1	2
OG0010293	2	0	2
OG0010294	1	1	2
OG0010295	1	1	2
OG0010296	1	1	2
OG0010297	1	1	2
OG0010298	1	1	2
OG0010299	1	1	2
OG0010300	1	1	2
OG0010301	1	1	2
OG0010302	1	1	2
OG0010303	1	1	2
OG0010304	1	1	2
OG0010305	1	1	2
OG0010306	2	0	2
OG0010307	2	0	2
OG0010308	2	0	2
OG0010309	1	1	2
OG0010310	1	1	2
OG0010311	1	1	2
OG0010312	1	1	2
OG0010313	1	1	2
OG0010314	1	1	2
OG0010315	1	1	2
OG0010316	2	0	2
OG0010317	2	0	2
OG0010318	1	1	2
OG0010319	1	1	2
OG0010320	1	1	2
OG0010321	1	1	2
OG0010322	1	1	2
OG0010323	1	1	2
OG0010324	1	1	2
OG0010325	1	1	2
OG0010326	1	1	2
OG0010327	1	1	2
OG0010328	1	1	2
OG0010329	1	1	2
OG0010330	1	1	2
OG0010331	1	1	2
OG0010332	1	1	2
OG0010333	1	1	2
OG0010334	1	1	2
OG0010335	1	1	2
OG0010336	1	1	2
OG0010337	1	1	2
OG0010338	1	1	2
OG0010339	1	1	2
OG0010340	1	1	2
OG0010341	1	1	2
OG0010342	1	1	2
OG0010343	1	1	2
OG0010344	1	1	2
OG0010345	1	1	2
OG0010346	1	1	2
OG0010347	1	1	2
OG0010348	1	1	2
OG0010349	1	1	2
OG0010350	2	0	2
OG0010351	1	1	2
OG0010352	1	1	2
OG0010353	1	1	2
OG0010354	2	0	2
OG0010355	1	1	2
OG0010356	1	1	2
OG0010357	1	1	2
OG0010358	1	1	2
OG0010359	1	1	2
OG0010360	1	1	2
OG0010361	1	1	2
OG0010362	1	1	2
OG0010363	1	1	2
OG0010364	1	1	2
OG0010365	1	1	2
OG0010366	1	1	2
OG0010367	1	1	2
OG0010368	1	1	2
OG0010369	1	1	2
OG0010370	1	1	2
OG0010371	1	1	2
OG0010372	1	1	2
OG0010373	1	1	2
OG0010374	1	1	2
OG0010375	1	1	2
OG0010376	1	1	2
OG0010377	1	1	2
OG0010378	1	1	2
OG0010379	1	1	2
OG0010380	1	1	2
OG0010381	1	1	2
OG0010382	1	1	2
OG0010383	1	1	2
OG0010384	1	1	2
OG0010385	1	1	2
OG0010386	1	1	2
OG0010387	1	1	2
OG0010388	1	1	2
OG0010389	1	1	2
OG0010390	2	0	2
OG0010391	2	0	2
OG0010392	1	1	2
OG0010393	1	1	2
OG0010394	1	1	2
OG0010395	1	1	2
OG0010396	1	1	2
OG0010397	1	1	2
OG0010398	1	1	2
OG0010399	1	1	2
OG0010400	1	1	2
OG0010401	1	1	2
OG0010402	2	0	2
OG0010403	1	1	2
OG0010404	1	1	2
OG0010405	1	1	2
OG0010406	1	1	2
OG0010407	1	1	2
OG0010408	1	1	2
OG0010409	1	1	2
OG0010410	1	1	2
OG0010411	1	1	2
OG0010412	2	0	2
OG0010413	1	1	2
OG0010414	1	1	2
OG0010415	2	0	2
OG0010416	1	1	2
OG0010417	1	1	2
OG0010418	1	1	2
OG0010419	1	1	2
OG0010420	2	0	2
OG0010421	1	1	2
OG0010422	1	1	2
OG0010423	1	1	2
OG0010424	1	1	2
OG0010425	1	1	2
OG0010426	1	1	2
OG0010427	1	1	2
OG0010428	1	1	2
OG0010429	1	1	2
OG0010430	1	1	2
OG0010431	2	0	2
OG0010432	1	1	2
OG0010433	1	1	2
OG0010434	1	1	2
OG0010435	1	1	2
OG0010436	1	1	2
OG0010437	1	1	2
OG0010438	1	1	2
OG0010439	1	1	2
OG0010440	1	1	2
OG0010441	1	1	2
OG0010442	1	1	2
OG0010443	1	1	2
OG0010444	1	1	2
OG0010445	1	1	2
OG0010446	1	1	2
OG0010447	1	1	2
OG0010448	1	1	2
OG0010449	1	1	2
OG0010450	1	1	2
OG0010451	1	1	2
OG0010452	1	1	2
OG0010453	1	1	2
OG0010454	1	1	2
OG0010455	1	1	2
OG0010456	1	1	2
OG0010457	1	1	2
OG0010458	1	1	2
OG0010459	1	1	2
OG0010460	1	1	2
OG0010461	1	1	2
OG0010462	1	1	2
OG0010463	1	1	2
OG0010464	1	1	2
OG0010465	2	0	2
OG0010466	1	1	2
OG0010467	1	1	2
OG0010468	1	1	2
OG0010469	1	1	2
OG0010470	1	1	2
OG0010471	1	1	2
OG0010472	1	1	2
OG0010473	1	1	2
OG0010474	1	1	2
OG0010475	1	1	2
OG0010476	1	1	2
OG0010477	1	1	2
OG0010478	1	1	2
OG0010479	1	1	2
OG0010480	1	1	2
OG0010481	2	0	2
OG0010482	1	1	2
OG0010483	1	1	2
OG0010484	1	1	2
OG0010485	1	1	2
OG0010486	2	0	2
OG0010487	1	1	2
OG0010488	1	1	2
OG0010489	1	1	2
OG0010490	1	1	2
OG0010491	1	1	2
OG0010492	1	1	2
OG0010493	1	1	2
OG0010494	1	1	2
OG0010495	1	1	2
OG0010496	1	1	2
OG0010497	1	1	2
OG0010498	1	1	2
OG0010499	1	1	2
OG0010500	1	1	2
OG0010501	1	1	2
OG0010502	1	1	2
OG0010503	2	0	2
OG0010504	1	1	2
OG0010505	1	1	2
OG0010506	1	1	2
OG0010507	1	1	2
OG0010508	1	1	2
OG0010509	1	1	2
OG0010510	1	1	2
OG0010511	1	1	2
OG0010512	1	1	2
OG0010513	1	1	2
OG0010514	1	1	2
OG0010515	1	1	2
OG0010516	1	1	2
OG0010517	1	1	2
OG0010518	1	1	2
OG0010519	1	1	2
OG0010520	1	1	2
OG0010521	1	1	2
OG0010522	1	1	2
OG0010523	1	1	2
OG0010524	1	1	2
OG0010525	1	1	2
OG0010526	1	1	2
OG0010527	1	1	2
OG0010528	1	1	2
OG0010529	1	1	2
OG0010530	1	1	2
OG0010531	1	1	2
OG0010532	1	1	2
OG0010533	1	1	2
OG0010534	1	1	2
OG0010535	1	1	2
OG0010536	1	1	2
OG0010537	1	1	2
OG0010538	1	1	2
OG0010539	1	1	2
OG0010540	1	1	2
OG0010541	1	1	2
OG0010542	1	1	2
OG0010543	1	1	2
OG0010544	2	0	2
OG0010545	1	1	2
OG0010546	1	1	2
OG0010547	1	1	2
OG0010548	1	1	2
OG0010549	2	0	2
OG0010550	1	1	2
OG0010551	1	1	2
OG0010552	1	1	2
OG0010553	1	1	2
OG0010554	2	0	2
OG0010555	1	1	2
OG0010556	1	1	2
OG0010557	1	1	2
OG0010558	1	1	2
OG0010559	1	1	2
OG0010560	1	1	2
OG0010561	1	1	2
OG0010562	1	1	2
OG0010563	1	1	2
OG0010564	1	1	2
OG0010565	1	1	2
OG0010566	1	1	2
OG0010567	1	1	2
OG0010568	1	1	2
OG0010569	1	1	2
OG0010570	1	1	2
OG0010571	1	1	2
OG0010572	2	0	2
OG0010573	1	1	2
OG0010574	1	1	2
OG0010575	2	0	2
OG0010576	1	1	2
OG0010577	1	1	2
OG0010578	2	0	2
OG0010579	2	0	2
OG0010580	1	1	2
OG0010581	1	1	2
OG0010582	2	0	2
OG0010583	1	1	2
OG0010584	1	1	2
OG0010585	1	1	2
OG0010586	1	1	2
OG0010587	1	1	2
OG0010588	1	1	2
OG0010589	1	1	2
OG0010590	1	1	2
OG0010591	1	1	2
OG0010592	1	1	2
OG0010593	1	1	2
OG0010594	1	1	2
OG0010595	1	1	2
OG0010596	2	0	2
OG0010597	2	0	2
OG0010598	1	1	2
OG0010599	1	1	2
OG0010600	1	1	2
OG0010601	1	1	2
OG0010602	1	1	2
OG0010603	1	1	2
OG0010604	1	1	2
OG0010605	1	1	2
OG0010606	1	1	2
OG0010607	1	1	2
OG0010608	1	1	2
OG0010609	1	1	2
OG0010610	1	1	2
OG0010611	1	1	2
OG0010612	1	1	2
OG0010613	1	1	2
OG0010614	1	1	2
OG0010615	2	0	2
OG0010616	1	1	2
OG0010617	1	1	2
OG0010618	2	0	2
OG0010619	1	1	2
OG0010620	1	1	2
OG0010621	1	1	2
OG0010622	1	1	2
OG0010623	1	1	2
OG0010624	1	1	2
OG0010625	1	1	2
OG0010626	1	1	2
OG0010627	1	1	2
OG0010628	1	1	2
OG0010629	1	1	2
OG0010630	1	1	2
OG0010631	1	1	2
OG0010632	1	1	2
OG0010633	1	1	2
OG0010634	1	1	2
OG0010635	1	1	2
OG0010636	1	1	2
OG0010637	1	1	2
OG0010638	1	1	2
OG0010639	1	1	2
OG0010640	1	1	2
OG0010641	1	1	2
OG0010642	1	1	2
OG0010643	1	1	2
OG0010644	1	1	2
OG0010645	1	1	2
OG0010646	1	1	2
OG0010647	1	1	2
OG0010648	1	1	2
OG0010649	2	0	2
OG0010650	1	1	2
OG0010651	1	1	2
OG0010652	1	1	2
OG0010653	1	1	2
OG0010654	1	1	2
OG0010655	1	1	2
OG0010656	1	1	2
OG0010657	2	0	2
OG0010658	1	1	2
OG0010659	1	1	2
OG0010660	1	1	2
OG0010661	1	1	2
OG0010662	1	1	2
OG0010663	1	1	2
OG0010664	2	0	2
OG0010665	2	0	2
OG0010666	1	1	2
OG0010667	1	1	2
OG0010668	1	1	2
OG0010669	1	1	2
OG0010670	1	1	2
OG0010671	1	1	2
OG0010672	1	1	2
OG0010673	1	1	2
OG0010674	1	1	2
OG0010675	1	1	2
OG0010676	1	1	2
OG0010677	1	1	2
OG0010678	1	1	2
OG0010679	1	1	2
OG0010680	1	1	2
OG0010681	1	1	2
OG0010682	1	1	2
OG0010683	1	1	2
OG0010684	2	0	2
OG0010685	1	1	2
OG0010686	1	1	2
OG0010687	2	0	2
OG0010688	2	0	2
OG0010689	1	1	2
OG0010690	1	1	2
OG0010691	1	1	2
OG0010692	1	1	2
OG0010693	1	1	2
OG0010694	1	1	2
OG0010695	1	1	2
OG0010696	1	1	2
OG0010697	1	1	2
OG0010698	1	1	2
OG0010699	1	1	2
OG0010700	1	1	2
OG0010701	1	1	2
OG0010702	1	1	2
OG0010703	1	1	2
OG0010704	1	1	2
OG0010705	1	1	2
OG0010706	1	1	2
OG0010707	1	1	2
OG0010708	1	1	2
OG0010709	1	1	2
OG0010710	1	1	2
OG0010711	1	1	2
OG0010712	1	1	2
OG0010713	1	1	2
OG0010714	1	1	2
OG0010715	2	0	2
OG0010716	1	1	2
OG0010717	1	1	2
OG0010718	1	1	2
OG0010719	1	1	2
OG0010720	1	1	2
OG0010721	1	1	2
OG0010722	1	1	2
OG0010723	1	1	2
OG0010724	1	1	2
OG0010725	1	1	2
OG0010726	1	1	2
OG0010727	2	0	2
OG0010728	1	1	2
OG0010729	1	1	2
OG0010730	1	1	2
OG0010731	1	1	2
OG0010732	2	0	2
OG0010733	2	0	2
OG0010734	1	1	2
OG0010735	1	1	2
OG0010736	1	1	2
OG0010737	1	1	2
OG0010738	1	1	2
OG0010739	1	1	2
OG0010740	1	1	2
OG0010741	1	1	2
OG0010742	1	1	2
OG0010743	1	1	2
OG0010744	1	1	2
OG0010745	1	1	2
OG0010746	1	1	2
OG0010747	1	1	2
OG0010748	1	1	2
OG0010749	1	1	2
OG0010750	1	1	2
OG0010751	1	1	2
OG0010752	2	0	2
OG0010753	1	1	2
OG0010754	1	1	2
OG0010755	1	1	2
OG0010756	1	1	2
OG0010757	1	1	2
OG0010758	2	0	2
OG0010759	1	1	2
OG0010760	1	1	2
OG0010761	1	1	2
OG0010762	1	1	2
OG0010763	1	1	2
OG0010764	1	1	2
OG0010765	1	1	2
OG0010766	1	1	2
OG0010767	1	1	2
OG0010768	1	1	2
OG0010769	1	1	2
OG0010770	2	0	2
OG0010771	1	1	2
OG0010772	2	0	2
OG0010773	1	1	2
OG0010774	1	1	2
OG0010775	1	1	2
OG0010776	1	1	2
OG0010777	1	1	2
OG0010778	1	1	2
OG0010779	1	1	2
OG0010780	1	1	2
OG0010781	1	1	2
OG0010782	1	1	2
OG0010783	1	1	2
OG0010784	1	1	2
OG0010785	1	1	2
OG0010786	1	1	2
OG0010787	1	1	2
OG0010788	1	1	2
OG0010789	1	1	2
OG0010790	1	1	2
OG0010791	1	1	2
OG0010792	1	1	2
OG0010793	1	1	2
OG0010794	1	1	2
OG0010795	1	1	2
OG0010796	1	1	2
OG0010797	1	1	2
OG0010798	1	1	2
OG0010799	1	1	2
OG0010800	1	1	2
OG0010801	1	1	2
OG0010802	1	1	2
OG0010803	1	1	2
OG0010804	1	1	2
OG0010805	1	1	2
OG0010806	1	1	2
OG0010807	1	1	2
OG0010808	1	1	2
OG0010809	1	1	2
OG0010810	1	1	2
OG0010811	2	0	2
OG0010812	2	0	2
OG0010813	1	1	2
OG0010814	1	1	2
OG0010815	1	1	2
OG0010816	1	1	2
OG0010817	1	1	2
OG0010818	2	0	2
OG0010819	2	0	2
OG0010820	2	0	2
OG0010821	1	1	2
OG0010822	1	1	2
OG0010823	1	1	2
OG0010824	1	1	2
OG0010825	1	1	2
OG0010826	1	1	2
OG0010827	1	1	2
OG0010828	1	1	2
OG0010829	1	1	2
OG0010830	1	1	2
OG0010831	1	1	2
OG0010832	1	1	2
OG0010833	1	1	2
OG0010834	1	1	2
OG0010835	1	1	2
OG0010836	1	1	2
OG0010837	1	1	2
OG0010838	1	1	2
OG0010839	1	1	2
OG0010840	1	1	2
OG0010841	1	1	2
OG0010842	1	1	2
OG0010843	1	1	2
OG0010844	1	1	2
OG0010845	1	1	2
OG0010846	1	1	2
OG0010847	1	1	2
OG0010848	1	1	2
OG0010849	1	1	2
OG0010850	1	1	2
OG0010851	1	1	2
OG0010852	1	1	2
OG0010853	1	1	2
OG0010854	1	1	2
OG0010855	1	1	2
OG0010856	1	1	2
OG0010857	1	1	2
OG0010858	1	1	2
OG0010859	1	1	2
OG0010860	1	1	2
OG0010861	1	1	2
OG0010862	1	1	2
OG0010863	1	1	2
OG0010864	1	1	2
OG0010865	1	1	2
OG0010866	1	1	2
OG0010867	1	1	2
OG0010868	1	1	2
OG0010869	1	1	2
OG0010870	1	1	2
OG0010871	2	0	2
OG0010872	1	1	2
OG0010873	1	1	2
OG0010874	1	1	2
OG0010875	1	1	2
OG0010876	1	1	2
OG0010877	1	1	2
OG0010878	1	1	2
OG0010879	1	1	2
OG0010880	1	1	2
OG0010881	1	1	2
OG0010882	1	1	2
OG0010883	1	1	2
OG0010884	1	1	2
OG0010885	1	1	2
OG0010886	1	1	2
OG0010887	2	0	2
OG0010888	1	1	2
OG0010889	1	1	2
OG0010890	2	0	2
OG0010891	2	0	2
OG0010892	2	0	2
OG0010893	1	1	2
OG0010894	1	1	2
OG0010895	1	1	2
OG0010896	2	0	2
OG0010897	1	1	2
OG0010898	1	1	2
OG0010899	1	1	2
OG0010900	1	1	2
OG0010901	1	1	2
OG0010902	1	1	2
OG0010903	2	0	2
OG0010904	1	1	2
OG0010905	1	1	2
OG0010906	1	1	2
OG0010907	1	1	2
OG0010908	1	1	2
OG0010909	1	1	2
OG0010910	2	0	2
OG0010911	1	1	2
OG0010912	1	1	2
OG0010913	1	1	2
OG0010914	1	1	2
OG0010915	2	0	2
OG0010916	1	1	2
OG0010917	1	1	2
OG0010918	1	1	2
OG0010919	1	1	2
OG0010920	2	0	2
OG0010921	1	1	2
OG0010922	1	1	2
OG0010923	1	1	2
OG0010924	1	1	2
OG0010925	1	1	2
OG0010926	1	1	2
OG0010927	2	0	2
OG0010928	1	1	2
OG0010929	2	0	2
OG0010930	1	1	2
OG0010931	1	1	2
OG0010932	2	0	2
OG0010933	1	1	2
OG0010934	2	0	2
OG0010935	1	1	2
OG0010936	1	1	2
OG0010937	1	1	2
OG0010938	1	1	2
OG0010939	1	1	2
OG0010940	1	1	2
OG0010941	1	1	2
OG0010942	1	1	2
OG0010943	1	1	2
OG0010944	1	1	2
OG0010945	1	1	2
OG0010946	1	1	2
OG0010947	1	1	2
OG0010948	1	1	2
OG0010949	1	1	2
OG0010950	1	1	2
OG0010951	1	1	2
OG0010952	1	1	2
OG0010953	1	1	2
OG0010954	1	1	2
OG0010955	1	1	2
OG0010956	1	1	2
OG0010957	1	1	2
OG0010958	1	1	2
OG0010959	1	1	2
OG0010960	1	1	2
OG0010961	1	1	2
OG0010962	1	1	2
OG0010963	1	1	2
OG0010964	2	0	2
OG0010965	1	1	2
OG0010966	2	0	2
OG0010967	1	1	2
OG0010968	1	1	2
OG0010969	1	1	2
OG0010970	1	1	2
OG0010971	1	1	2
OG0010972	1	1	2
OG0010973	1	1	2
OG0010974	1	1	2
OG0010975	1	1	2
OG0010976	1	1	2
OG0010977	1	1	2
OG0010978	1	1	2
OG0010979	1	1	2
OG0010980	1	1	2
OG0010981	1	1	2
OG0010982	1	1	2
OG0010983	1	1	2
OG0010984	2	0	2
OG0010985	1	1	2
OG0010986	1	1	2
OG0010987	1	1	2
OG0010988	1	1	2
OG0010989	1	1	2
OG0010990	1	1	2
OG0010991	1	1	2
OG0010992	1	1	2
OG0010993	1	1	2
OG0010994	1	1	2
OG0010995	1	1	2
OG0010996	1	1	2
OG0010997	1	1	2
OG0010998	1	1	2
OG0010999	1	1	2
OG0011000	1	1	2
OG0011001	1	1	2
OG0011002	1	1	2
OG0011003	1	1	2
OG0011004	1	1	2
OG0011005	2	0	2
OG0011006	1	1	2
OG0011007	1	1	2
OG0011008	1	1	2
OG0011009	1	1	2
OG0011010	1	1	2
OG0011011	1	1	2
OG0011012	1	1	2
OG0011013	1	1	2
OG0011014	1	1	2
OG0011015	1	1	2
OG0011016	1	1	2
OG0011017	1	1	2
OG0011018	1	1	2
OG0011019	1	1	2
OG0011020	1	1	2
OG0011021	1	1	2
OG0011022	1	1	2
OG0011023	1	1	2
OG0011024	1	1	2
OG0011025	1	1	2
OG0011026	1	1	2
OG0011027	1	1	2
OG0011028	1	1	2
OG0011029	1	1	2
OG0011030	1	1	2
OG0011031	1	1	2
OG0011032	1	1	2
OG0011033	1	1	2
OG0011034	1	1	2
OG0011035	1	1	2
OG0011036	1	1	2
OG0011037	1	1	2
OG0011038	1	1	2
OG0011039	1	1	2
OG0011040	1	1	2
OG0011041	2	0	2
OG0011042	1	1	2
OG0011043	1	1	2
OG0011044	1	1	2
OG0011045	1	1	2
OG0011046	1	1	2
OG0011047	1	1	2
OG0011048	1	1	2
OG0011049	1	1	2
OG0011050	1	1	2
OG0011051	1	1	2
OG0011052	1	1	2
OG0011053	1	1	2
OG0011054	1	1	2
OG0011055	1	1	2
OG0011056	1	1	2
OG0011057	1	1	2
OG0011058	1	1	2
OG0011059	1	1	2
OG0011060	1	1	2
OG0011061	1	1	2
OG0011062	1	1	2
OG0011063	1	1	2
OG0011064	2	0	2
OG0011065	2	0	2
OG0011066	1	1	2
OG0011067	1	1	2
OG0011068	1	1	2
OG0011069	1	1	2
OG0011070	1	1	2
OG0011071	1	1	2
OG0011072	1	1	2
OG0011073	1	1	2
OG0011074	1	1	2
OG0011075	1	1	2
OG0011076	1	1	2
OG0011077	1	1	2
OG0011078	1	1	2
OG0011079	1	1	2
OG0011080	1	1	2
OG0011081	1	1	2
OG0011082	1	1	2
OG0011083	1	1	2
OG0011084	1	1	2
OG0011085	1	1	2
OG0011086	1	1	2
OG0011087	1	1	2
OG0011088	1	1	2
OG0011089	1	1	2
OG0011090	1	1	2
OG0011091	2	0	2
OG0011092	1	1	2
OG0011093	1	1	2
OG0011094	2	0	2
OG0011095	2	0	2
OG0011096	1	1	2
OG0011097	1	1	2
OG0011098	1	1	2
OG0011099	1	1	2
OG0011100	1	1	2
OG0011101	1	1	2
OG0011102	1	1	2
OG0011103	1	1	2
OG0011104	1	1	2
OG0011105	1	1	2
OG0011106	1	1	2
OG0011107	1	1	2
OG0011108	1	1	2
OG0011109	1	1	2
OG0011110	1	1	2
OG0011111	1	1	2
OG0011112	1	1	2
OG0011113	1	1	2
OG0011114	1	1	2
OG0011115	1	1	2
OG0011116	1	1	2
OG0011117	1	1	2
OG0011118	1	1	2
OG0011119	1	1	2
OG0011120	1	1	2
OG0011121	1	1	2
OG0011122	1	1	2
OG0011123	2	0	2
OG0011124	1	1	2
OG0011125	1	1	2
OG0011126	1	1	2
OG0011127	1	1	2
OG0011128	1	1	2
OG0011129	1	1	2
OG0011130	1	1	2
OG0011131	1	1	2
OG0011132	1	1	2
OG0011133	1	1	2
OG0011134	1	1	2
OG0011135	1	1	2
OG0011136	1	1	2
OG0011137	1	1	2
OG0011138	2	0	2
OG0011139	1	1	2
OG0011140	1	1	2
OG0011141	1	1	2
OG0011142	1	1	2
OG0011143	1	1	2
OG0011144	1	1	2
OG0011145	1	1	2
OG0011146	2	0	2
OG0011147	1	1	2
OG0011148	1	1	2
OG0011149	1	1	2
OG0011150	1	1	2
OG0011151	1	1	2
OG0011152	1	1	2
OG0011153	1	1	2
OG0011154	1	1	2
OG0011155	1	1	2
OG0011156	1	1	2
OG0011157	1	1	2
OG0011158	1	1	2
OG0011159	1	1	2
OG0011160	1	1	2
OG0011161	1	1	2
OG0011162	1	1	2
OG0011163	1	1	2
OG0011164	1	1	2
OG0011165	1	1	2
OG0011166	1	1	2
OG0011167	1	1	2
OG0011168	1	1	2
OG0011169	1	1	2
OG0011170	1	1	2
OG0011171	1	1	2
OG0011172	1	1	2
OG0011173	1	1	2
OG0011174	1	1	2
OG0011175	1	1	2
OG0011176	1	1	2
OG0011177	2	0	2
OG0011178	1	1	2
OG0011179	1	1	2
OG0011180	1	1	2
OG0011181	1	1	2
OG0011182	2	0	2
OG0011183	1	1	2
OG0011184	1	1	2
OG0011185	1	1	2
OG0011186	1	1	2
OG0011187	1	1	2
OG0011188	1	1	2
OG0011189	1	1	2
OG0011190	1	1	2
OG0011191	1	1	2
OG0011192	1	1	2
OG0011193	1	1	2
OG0011194	1	1	2
OG0011195	1	1	2
OG0011196	1	1	2
OG0011197	1	1	2
OG0011198	1	1	2
OG0011199	1	1	2
OG0011200	1	1	2
OG0011201	1	1	2
OG0011202	1	1	2
OG0011203	1	1	2
OG0011204	1	1	2
OG0011205	1	1	2
OG0011206	1	1	2
OG0011207	1	1	2
OG0011208	2	0	2
OG0011209	1	1	2
OG0011210	2	0	2
OG0011211	1	1	2
OG0011212	1	1	2
OG0011213	1	1	2
OG0011214	1	1	2
OG0011215	1	1	2
OG0011216	1	1	2
OG0011217	1	1	2
OG0011218	1	1	2
OG0011219	1	1	2
OG0011220	1	1	2
OG0011221	1	1	2
OG0011222	1	1	2
OG0011223	1	1	2
OG0011224	1	1	2
OG0011225	1	1	2
OG0011226	1	1	2
OG0011227	1	1	2
OG0011228	1	1	2
OG0011229	1	1	2
OG0011230	1	1	2
OG0011231	2	0	2
OG0011232	1	1	2
OG0011233	1	1	2
OG0011234	1	1	2
OG0011235	1	1	2
OG0011236	1	1	2
OG0011237	1	1	2
OG0011238	1	1	2
OG0011239	1	1	2
OG0011240	1	1	2
OG0011241	1	1	2
OG0011242	1	1	2
OG0011243	1	1	2
OG0011244	1	1	2
OG0011245	1	1	2
OG0011246	2	0	2
OG0011247	1	1	2
OG0011248	1	1	2
OG0011249	1	1	2
OG0011250	1	1	2
OG0011251	2	0	2
OG0011252	1	1	2
OG0011253	1	1	2
OG0011254	1	1	2
OG0011255	2	0	2
OG0011256	1	1	2
OG0011257	1	1	2
OG0011258	1	1	2
OG0011259	1	1	2
OG0011260	1	1	2
OG0011261	1	1	2
OG0011262	1	1	2
OG0011263	1	1	2
OG0011264	1	1	2
OG0011265	1	1	2
OG0011266	1	1	2
OG0011267	1	1	2
OG0011268	1	1	2
OG0011269	1	1	2
OG0011270	1	1	2
OG0011271	1	1	2
OG0011272	1	1	2
OG0011273	1	1	2
OG0011274	1	1	2
OG0011275	1	1	2
OG0011276	2	0	2
OG0011277	1	1	2
OG0011278	1	1	2
OG0011279	1	1	2
OG0011280	1	1	2
OG0011281	1	1	2
OG0011282	1	1	2
OG0011283	1	1	2
OG0011284	1	1	2
OG0011285	1	1	2
OG0011286	1	1	2
OG0011287	1	1	2
OG0011288	1	1	2
OG0011289	1	1	2
OG0011290	1	1	2
OG0011291	1	1	2
OG0011292	1	1	2
OG0011293	1	1	2
OG0011294	1	1	2
OG0011295	1	1	2
OG0011296	1	1	2
OG0011297	2	0	2
OG0011298	1	1	2
OG0011299	1	1	2
OG0011300	1	1	2
OG0011301	1	1	2
OG0011302	1	1	2
OG0011303	1	1	2
OG0011304	1	1	2
OG0011305	1	1	2
OG0011306	1	1	2
OG0011307	1	1	2
OG0011308	1	1	2
OG0011309	1	1	2
OG0011310	2	0	2
OG0011311	1	1	2
OG0011312	1	1	2
OG0011313	1	1	2
OG0011314	2	0	2
OG0011315	1	1	2
OG0011316	1	1	2
OG0011317	1	1	2
OG0011318	1	1	2
OG0011319	1	1	2
OG0011320	1	1	2
OG0011321	1	1	2
OG0011322	1	1	2
OG0011323	1	1	2
OG0011324	1	1	2
OG0011325	1	1	2
OG0011326	1	1	2
OG0011327	1	1	2
OG0011328	2	0	2
OG0011329	1	1	2
OG0011330	1	1	2
OG0011331	1	1	2
OG0011332	1	1	2
OG0011333	1	1	2
OG0011334	1	1	2
OG0011335	1	1	2
OG0011336	1	1	2
OG0011337	2	0	2
OG0011338	1	1	2
OG0011339	1	1	2
OG0011340	1	1	2
OG0011341	1	1	2
OG0011342	1	1	2
OG0011343	1	1	2
OG0011344	1	1	2
OG0011345	1	1	2
OG0011346	1	1	2
OG0011347	1	1	2
OG0011348	1	1	2
OG0011349	1	1	2
OG0011350	1	1	2
OG0011351	2	0	2
OG0011352	1	1	2
OG0011353	1	1	2
OG0011354	2	0	2
OG0011355	2	0	2
OG0011356	2	0	2
OG0011357	2	0	2
OG0011358	1	1	2
OG0011359	1	1	2
OG0011360	1	1	2
OG0011361	2	0	2
OG0011362	1	1	2
OG0011363	1	1	2
OG0011364	1	1	2
OG0011365	1	1	2
OG0011366	1	1	2
OG0011367	1	1	2
OG0011368	1	1	2
OG0011369	1	1	2
OG0011370	1	1	2
OG0011371	1	1	2
OG0011372	1	1	2
OG0011373	2	0	2
OG0011374	1	1	2
OG0011375	1	1	2
OG0011376	1	1	2
OG0011377	1	1	2
OG0011378	1	1	2
OG0011379	1	1	2
OG0011380	1	1	2
OG0011381	1	1	2
OG0011382	1	1	2
OG0011383	1	1	2
OG0011384	1	1	2
OG0011385	1	1	2
OG0011386	1	1	2
OG0011387	2	0	2
OG0011388	1	1	2
OG0011389	1	1	2
OG0011390	1	1	2
OG0011391	1	1	2
OG0011392	1	1	2
OG0011393	2	0	2
OG0011394	1	1	2
OG0011395	1	1	2
OG0011396	1	1	2
OG0011397	2	0	2
OG0011398	1	1	2
OG0011399	1	1	2
OG0011400	1	1	2
OG0011401	1	1	2
OG0011402	1	1	2
OG0011403	1	1	2
OG0011404	1	1	2
OG0011405	1	1	2
OG0011406	1	1	2
OG0011407	1	1	2
OG0011408	2	0	2
OG0011409	1	1	2
OG0011410	1	1	2
OG0011411	1	1	2
OG0011412	1	1	2
OG0011413	1	1	2
OG0011414	1	1	2
OG0011415	1	1	2
OG0011416	1	1	2
OG0011417	1	1	2
OG0011418	1	1	2
OG0011419	1	1	2
OG0011420	1	1	2
OG0011421	2	0	2
OG0011422	1	1	2
OG0011423	1	1	2
OG0011424	1	1	2
OG0011425	1	1	2
OG0011426	1	1	2
OG0011427	1	1	2
OG0011428	1	1	2
OG0011429	1	1	2
OG0011430	1	1	2
OG0011431	1	1	2
OG0011432	2	0	2
OG0011433	2	0	2
OG0011434	1	1	2
OG0011435	1	1	2
OG0011436	1	1	2
OG0011437	1	1	2
OG0011438	2	0	2
OG0011439	1	1	2
OG0011440	1	1	2
OG0011441	1	1	2
OG0011442	1	1	2
OG0011443	1	1	2
OG0011444	1	1	2
OG0011445	1	1	2
OG0011446	2	0	2
OG0011447	1	1	2
OG0011448	1	1	2
OG0011449	1	1	2
OG0011450	1	1	2
OG0011451	1	1	2
OG0011452	1	1	2
OG0011453	1	1	2
OG0011454	1	1	2
OG0011455	1	1	2
OG0011456	1	1	2
OG0011457	1	1	2
OG0011458	1	1	2
OG0011459	1	1	2
OG0011460	1	1	2
OG0011461	2	0	2
OG0011462	1	1	2
OG0011463	1	1	2
OG0011464	1	1	2
OG0011465	1	1	2
OG0011466	1	1	2
OG0011467	1	1	2
OG0011468	1	1	2
OG0011469	1	1	2
OG0011470	1	1	2
OG0011471	1	1	2
OG0011472	1	1	2
OG0011473	1	1	2
OG0011474	1	1	2
OG0011475	1	1	2
OG0011476	1	1	2
OG0011477	2	0	2
OG0011478	1	1	2
OG0011479	1	1	2
OG0011480	1	1	2
OG0011481	1	1	2
OG0011482	1	1	2
OG0011483	1	1	2
OG0011484	1	1	2
OG0011485	1	1	2
OG0011486	1	1	2
OG0011487	2	0	2
OG0011488	1	1	2
OG0011489	1	1	2
OG0011490	1	1	2
OG0011491	1	1	2
OG0011492	1	1	2
OG0011493	1	1	2
OG0011494	1	1	2
OG0011495	1	1	2
OG0011496	1	1	2
OG0011497	1	1	2
OG0011498	1	1	2
OG0011499	1	1	2
OG0011500	1	1	2
OG0011501	1	1	2
OG0011502	1	1	2
OG0011503	1	1	2
OG0011504	1	1	2
OG0011505	1	1	2
OG0011506	1	1	2
OG0011507	1	1	2
OG0011508	2	0	2
OG0011509	2	0	2
OG0011510	1	1	2
OG0011511	1	1	2
OG0011512	2	0	2
OG0011513	1	1	2
OG0011514	2	0	2
OG0011515	2	0	2
OG0011516	1	1	2
OG0011517	1	1	2
OG0011518	1	1	2
OG0011519	1	1	2
OG0011520	1	1	2
OG0011521	1	1	2
OG0011522	1	1	2
OG0011523	1	1	2
OG0011524	1	1	2
OG0011525	1	1	2
OG0011526	1	1	2
OG0011527	1	1	2
OG0011528	1	1	2
OG0011529	1	1	2
OG0011530	1	1	2
OG0011531	2	0	2
OG0011532	1	1	2
OG0011533	2	0	2
OG0011534	1	1	2
OG0011535	1	1	2
OG0011536	1	1	2
OG0011537	1	1	2
OG0011538	1	1	2
OG0011539	1	1	2
OG0011540	1	1	2
OG0011541	1	1	2
OG0011542	1	1	2
OG0011543	1	1	2
OG0011544	1	1	2
OG0011545	1	1	2
OG0011546	1	1	2
OG0011547	1	1	2
OG0011548	1	1	2
OG0011549	2	0	2
OG0011550	1	1	2
OG0011551	2	0	2
OG0011552	1	1	2
OG0011553	1	1	2
OG0011554	1	1	2
OG0011555	1	1	2
OG0011556	1	1	2
OG0011557	1	1	2
OG0011558	1	1	2
OG0011559	1	1	2
OG0011560	1	1	2
OG0011561	1	1	2
OG0011562	1	1	2
OG0011563	1	1	2
OG0011564	1	1	2
OG0011565	2	0	2
OG0011566	1	1	2
OG0011567	1	1	2
OG0011568	1	1	2
OG0011569	1	1	2
OG0011570	1	1	2
OG0011571	1	1	2
OG0011572	1	1	2
OG0011573	1	1	2
OG0011574	1	1	2
OG0011575	1	1	2
OG0011576	1	1	2
OG0011577	1	1	2
OG0011578	1	1	2
OG0011579	1	1	2
OG0011580	1	1	2
OG0011581	1	1	2
OG0011582	1	1	2
OG0011583	1	1	2
OG0011584	1	1	2
OG0011585	1	1	2
OG0011586	2	0	2
OG0011587	1	1	2
OG0011588	1	1	2
OG0011589	1	1	2
OG0011590	1	1	2
OG0011591	1	1	2
OG0011592	1	1	2
OG0011593	1	1	2
OG0011594	1	1	2
OG0011595	2	0	2
OG0011596	1	1	2
OG0011597	1	1	2
OG0011598	2	0	2
OG0011599	1	1	2
OG0011600	1	1	2
OG0011601	1	1	2
OG0011602	1	1	2
OG0011603	1	1	2
OG0011604	1	1	2
OG0011605	1	1	2
OG0011606	1	1	2
OG0011607	1	1	2
OG0011608	1	1	2
OG0011609	1	1	2
OG0011610	1	1	2
OG0011611	1	1	2
OG0011612	1	1	2
OG0011613	1	1	2
OG0011614	1	1	2
OG0011615	1	1	2
OG0011616	1	1	2
OG0011617	1	1	2
OG0011618	1	1	2
OG0011619	2	0	2
OG0011620	1	1	2
OG0011621	1	1	2
OG0011622	1	1	2
OG0011623	1	1	2
OG0011624	1	1	2
OG0011625	2	0	2
OG0011626	1	1	2
OG0011627	1	1	2
OG0011628	1	1	2
OG0011629	1	1	2
OG0011630	1	1	2
OG0011631	1	1	2
OG0011632	1	1	2
OG0011633	1	1	2
OG0011634	1	1	2
OG0011635	1	1	2
OG0011636	1	1	2
OG0011637	1	1	2
OG0011638	1	1	2
OG0011639	1	1	2
OG0011640	1	1	2
OG0011641	1	1	2
OG0011642	1	1	2
OG0011643	1	1	2
OG0011644	1	1	2
OG0011645	1	1	2
OG0011646	1	1	2
OG0011647	1	1	2
OG0011648	1	1	2
OG0011649	1	1	2
OG0011650	1	1	2
OG0011651	1	1	2
OG0011652	1	1	2
OG0011653	1	1	2
OG0011654	1	1	2
OG0011655	1	1	2
OG0011656	1	1	2
OG0011657	1	1	2
OG0011658	1	1	2
OG0011659	2	0	2
OG0011660	1	1	2
OG0011661	1	1	2
OG0011662	2	0	2
OG0011663	2	0	2
OG0011664	1	1	2
OG0011665	1	1	2
OG0011666	2	0	2
OG0011667	1	1	2
OG0011668	1	1	2
OG0011669	1	1	2
OG0011670	1	1	2
OG0011671	1	1	2
OG0011672	1	1	2
OG0011673	1	1	2
OG0011674	1	1	2
OG0011675	1	1	2
OG0011676	1	1	2
OG0011677	1	1	2
OG0011678	1	1	2
OG0011679	1	1	2
OG0011680	1	1	2
OG0011681	1	1	2
OG0011682	1	1	2
OG0011683	1	1	2
OG0011684	1	1	2
OG0011685	1	1	2
OG0011686	1	1	2
OG0011687	1	1	2
OG0011688	1	1	2
OG0011689	1	1	2
OG0011690	1	1	2
OG0011691	1	1	2
OG0011692	1	1	2
OG0011693	1	1	2
OG0011694	1	1	2
OG0011695	1	1	2
OG0011696	1	1	2
OG0011697	1	1	2
OG0011698	1	1	2
OG0011699	1	1	2
OG0011700	1	1	2
OG0011701	1	1	2
OG0011702	1	1	2
OG0011703	2	0	2
OG0011704	2	0	2
OG0011705	1	1	2
OG0011706	1	1	2
OG0011707	1	1	2
OG0011708	1	1	2
OG0011709	1	1	2
OG0011710	1	1	2
OG0011711	1	1	2
OG0011712	1	1	2
OG0011713	1	1	2
OG0011714	1	1	2
OG0011715	2	0	2
OG0011716	1	1	2
OG0011717	1	1	2
OG0011718	1	1	2
OG0011719	1	1	2
OG0011720	1	1	2
OG0011721	1	1	2
OG0011722	1	1	2
OG0011723	1	1	2
OG0011724	1	1	2
OG0011725	1	1	2
OG0011726	1	1	2
OG0011727	1	1	2
OG0011728	1	1	2
OG0011729	1	1	2
OG0011730	1	1	2
OG0011731	1	1	2
OG0011732	1	1	2
OG0011733	1	1	2
OG0011734	1	1	2
OG0011735	2	0	2
OG0011736	2	0	2
OG0011737	1	1	2
OG0011738	1	1	2
OG0011739	1	1	2
OG0011740	1	1	2
OG0011741	2	0	2
OG0011742	1	1	2
OG0011743	1	1	2
OG0011744	1	1	2
OG0011745	1	1	2
OG0011746	1	1	2
OG0011747	1	1	2
OG0011748	2	0	2
OG0011749	1	1	2
OG0011750	2	0	2
OG0011751	1	1	2
OG0011752	1	1	2
OG0011753	2	0	2
OG0011754	1	1	2
OG0011755	1	1	2
OG0011756	1	1	2
OG0011757	2	0	2
OG0011758	1	1	2
OG0011759	1	1	2
OG0011760	1	1	2
OG0011761	1	1	2
OG0011762	1	1	2
OG0011763	1	1	2
OG0011764	1	1	2
OG0011765	1	1	2
OG0011766	1	1	2
OG0011767	2	0	2
OG0011768	1	1	2
OG0011769	1	1	2
OG0011770	1	1	2
OG0011771	1	1	2
OG0011772	1	1	2
OG0011773	1	1	2
OG0011774	1	1	2
OG0011775	1	1	2
OG0011776	1	1	2
OG0011777	1	1	2
OG0011778	1	1	2
OG0011779	2	0	2
OG0011780	1	1	2
OG0011781	1	1	2
OG0011782	2	0	2
OG0011783	1	1	2
OG0011784	1	1	2
OG0011785	1	1	2
OG0011786	1	1	2
OG0011787	1	1	2
OG0011788	2	0	2
OG0011789	1	1	2
OG0011790	1	1	2
OG0011791	1	1	2
OG0011792	1	1	2
OG0011793	1	1	2
OG0011794	2	0	2
OG0011795	1	1	2
OG0011796	1	1	2
OG0011797	1	1	2
OG0011798	1	1	2
OG0011799	1	1	2
OG0011800	1	1	2
OG0011801	1	1	2
OG0011802	1	1	2
OG0011803	1	1	2
OG0011804	1	1	2
OG0011805	2	0	2
OG0011806	2	0	2
OG0011807	1	1	2
OG0011808	1	1	2
OG0011809	1	1	2
OG0011810	1	1	2
OG0011811	1	1	2
OG0011812	1	1	2
OG0011813	1	1	2
OG0011814	1	1	2
OG0011815	1	1	2
OG0011816	1	1	2
OG0011817	1	1	2
OG0011818	1	1	2
OG0011819	1	1	2
OG0011820	2	0	2
OG0011821	1	1	2
OG0011822	1	1	2
OG0011823	1	1	2
OG0011824	1	1	2
OG0011825	1	1	2
OG0011826	1	1	2
OG0011827	1	1	2
OG0011828	1	1	2
OG0011829	1	1	2
OG0011830	1	1	2
OG0011831	1	1	2
OG0011832	1	1	2
OG0011833	1	1	2
OG0011834	1	1	2
OG0011835	1	1	2
OG0011836	1	1	2
OG0011837	1	1	2
OG0011838	1	1	2
OG0011839	1	1	2
OG0011840	2	0	2
OG0011841	1	1	2
OG0011842	1	1	2
OG0011843	1	1	2
OG0011844	1	1	2
OG0011845	2	0	2
OG0011846	1	1	2
OG0011847	1	1	2
OG0011848	1	1	2
OG0011849	1	1	2
OG0011850	1	1	2
OG0011851	1	1	2
OG0011852	2	0	2
OG0011853	1	1	2
OG0011854	1	1	2
OG0011855	1	1	2
OG0011856	1	1	2
OG0011857	1	1	2
OG0011858	1	1	2
OG0011859	1	1	2
OG0011860	1	1	2
OG0011861	1	1	2
OG0011862	1	1	2
OG0011863	1	1	2
OG0011864	1	1	2
OG0011865	1	1	2
OG0011866	1	1	2
OG0011867	1	1	2
OG0011868	2	0	2
OG0011869	1	1	2
OG0011870	1	1	2
OG0011871	2	0	2
OG0011872	1	1	2
OG0011873	1	1	2
OG0011874	1	1	2
OG0011875	1	1	2
OG0011876	2	0	2
OG0011877	1	1	2
OG0011878	1	1	2
OG0011879	1	1	2
OG0011880	1	1	2
OG0011881	1	1	2
OG0011882	1	1	2
OG0011883	1	1	2
OG0011884	1	1	2
OG0011885	1	1	2
OG0011886	2	0	2
OG0011887	1	1	2
OG0011888	1	1	2
OG0011889	1	1	2
OG0011890	1	1	2
OG0011891	1	1	2
OG0011892	1	1	2
OG0011893	1	1	2
OG0011894	1	1	2
OG0011895	1	1	2
OG0011896	1	1	2
OG0011897	2	0	2
OG0011898	1	1	2
OG0011899	1	1	2
OG0011900	1	1	2
OG0011901	1	1	2
OG0011902	1	1	2
OG0011903	1	1	2
OG0011904	2	0	2
OG0011905	1	1	2
OG0011906	1	1	2
OG0011907	1	1	2
OG0011908	1	1	2
OG0011909	1	1	2
OG0011910	1	1	2
OG0011911	1	1	2
OG0011912	1	1	2
OG0011913	1	1	2
OG0011914	1	1	2
OG0011915	1	1	2
OG0011916	2	0	2
OG0011917	1	1	2
OG0011918	1	1	2
OG0011919	1	1	2
OG0011920	1	1	2
OG0011921	1	1	2
OG0011922	2	0	2
OG0011923	1	1	2
OG0011924	1	1	2
OG0011925	1	1	2
OG0011926	1	1	2
OG0011927	1	1	2
OG0011928	1	1	2
OG0011929	1	1	2
OG0011930	1	1	2
OG0011931	1	1	2
OG0011932	2	0	2
OG0011933	1	1	2
OG0011934	1	1	2
OG0011935	1	1	2
OG0011936	1	1	2
OG0011937	1	1	2
OG0011938	1	1	2
OG0011939	1	1	2
OG0011940	2	0	2
OG0011941	1	1	2
OG0011942	1	1	2
OG0011943	2	0	2
OG0011944	1	1	2
OG0011945	2	0	2
OG0011946	1	1	2
OG0011947	1	1	2
OG0011948	1	1	2
OG0011949	1	1	2
OG0011950	2	0	2
OG0011951	1	1	2
OG0011952	1	1	2
OG0011953	1	1	2
OG0011954	1	1	2
OG0011955	1	1	2
OG0011956	1	1	2
OG0011957	1	1	2
OG0011958	1	1	2
OG0011959	1	1	2
OG0011960	1	1	2
OG0011961	1	1	2
OG0011962	1	1	2
OG0011963	1	1	2
OG0011964	1	1	2
OG0011965	1	1	2
OG0011966	1	1	2
OG0011967	1	1	2
OG0011968	1	1	2
OG0011969	1	1	2
OG0011970	1	1	2
OG0011971	2	0	2
OG0011972	2	0	2
OG0011973	1	1	2
OG0011974	1	1	2
OG0011975	1	1	2
OG0011976	1	1	2
OG0011977	1	1	2
OG0011978	1	1	2
OG0011979	1	1	2
OG0011980	1	1	2
OG0011981	1	1	2
OG0011982	1	1	2
OG0011983	1	1	2
OG0011984	1	1	2
OG0011985	1	1	2
OG0011986	1	1	2
OG0011987	1	1	2
OG0011988	1	1	2
OG0011989	1	1	2
OG0011990	1	1	2
OG0011991	2	0	2
OG0011992	2	0	2
OG0011993	1	1	2
OG0011994	1	1	2
OG0011995	1	1	2
OG0011996	2	0	2
OG0011997	1	1	2
OG0011998	1	1	2
OG0011999	1	1	2
OG0012000	1	1	2
OG0012001	1	1	2
OG0012002	1	1	2
OG0012003	1	1	2
OG0012004	1	1	2
OG0012005	1	1	2
OG0012006	1	1	2
OG0012007	1	1	2
OG0012008	1	1	2
OG0012009	1	1	2
OG0012010	1	1	2
OG0012011	1	1	2
OG0012012	1	1	2
OG0012013	1	1	2
OG0012014	1	1	2
OG0012015	1	1	2
OG0012016	1	1	2
OG0012017	1	1	2
OG0012018	1	1	2
OG0012019	1	1	2
OG0012020	1	1	2
OG0012021	1	1	2
OG0012022	1	1	2
OG0012023	1	1	2
OG0012024	1	1	2
OG0012025	1	1	2
OG0012026	1	1	2
OG0012027	1	1	2
OG0012028	1	1	2
OG0012029	2	0	2
OG0012030	1	1	2
OG0012031	1	1	2
OG0012032	1	1	2
OG0012033	1	1	2
OG0012034	1	1	2
OG0012035	1	1	2
OG0012036	1	1	2
OG0012037	1	1	2
OG0012038	1	1	2
OG0012039	1	1	2
OG0012040	1	1	2
OG0012041	1	1	2
OG0012042	1	1	2
OG0012043	1	1	2
OG0012044	2	0	2
OG0012045	1	1	2
OG0012046	1	1	2
OG0012047	1	1	2
OG0012048	1	1	2
OG0012049	1	1	2
OG0012050	2	0	2
OG0012051	1	1	2
OG0012052	1	1	2
OG0012053	1	1	2
OG0012054	2	0	2
OG0012055	1	1	2
OG0012056	1	1	2
OG0012057	1	1	2
OG0012058	1	1	2
OG0012059	1	1	2
OG0012060	1	1	2
OG0012061	1	1	2
OG0012062	1	1	2
OG0012063	1	1	2
OG0012064	1	1	2
OG0012065	1	1	2
OG0012066	1	1	2
OG0012067	1	1	2
OG0012068	1	1	2
OG0012069	1	1	2
OG0012070	1	1	2
OG0012071	1	1	2
OG0012072	1	1	2
OG0012073	1	1	2
OG0012074	1	1	2
OG0012075	1	1	2
OG0012076	1	1	2
OG0012077	1	1	2
OG0012078	2	0	2
OG0012079	2	0	2
OG0012080	2	0	2
OG0012081	2	0	2
OG0012082	1	1	2
OG0012083	1	1	2
OG0012084	1	1	2
OG0012085	1	1	2
OG0012086	1	1	2
OG0012087	1	1	2
OG0012088	1	1	2
OG0012089	1	1	2
OG0012090	1	1	2
OG0012091	1	1	2
OG0012092	1	1	2
OG0012093	1	1	2
OG0012094	1	1	2
OG0012095	1	1	2
OG0012096	1	1	2
OG0012097	2	0	2
OG0012098	1	1	2
OG0012099	1	1	2
OG0012100	1	1	2
OG0012101	1	1	2
OG0012102	1	1	2
OG0012103	2	0	2
OG0012104	2	0	2
OG0012105	1	1	2
OG0012106	1	1	2
OG0012107	1	1	2
OG0012108	2	0	2
OG0012109	1	1	2
OG0012110	1	1	2
OG0012111	1	1	2
OG0012112	1	1	2
OG0012113	1	1	2
OG0012114	1	1	2
OG0012115	1	1	2
OG0012116	1	1	2
OG0012117	1	1	2
OG0012118	1	1	2
OG0012119	1	1	2
OG0012120	1	1	2
OG0012121	2	0	2
OG0012122	1	1	2
OG0012123	1	1	2
OG0012124	1	1	2
OG0012125	1	1	2
OG0012126	1	1	2
OG0012127	1	1	2
OG0012128	1	1	2
OG0012129	1	1	2
OG0012130	1	1	2
OG0012131	1	1	2
OG0012132	1	1	2
OG0012133	1	1	2
OG0012134	1	1	2
OG0012135	1	1	2
OG0012136	1	1	2
OG0012137	1	1	2
OG0012138	1	1	2
OG0012139	1	1	2
OG0012140	1	1	2
OG0012141	1	1	2
OG0012142	1	1	2
OG0012143	1	1	2
OG0012144	2	0	2
OG0012145	1	1	2
OG0012146	2	0	2
OG0012147	1	1	2
OG0012148	1	1	2
OG0012149	1	1	2
OG0012150	1	1	2
OG0012151	1	1	2
OG0012152	1	1	2
OG0012153	1	1	2
OG0012154	1	1	2
OG0012155	1	1	2
OG0012156	1	1	2
OG0012157	1	1	2
OG0012158	1	1	2
OG0012159	1	1	2
OG0012160	2	0	2
OG0012161	1	1	2
OG0012162	1	1	2
OG0012163	1	1	2
OG0012164	1	1	2
OG0012165	1	1	2
OG0012166	2	0	2
OG0012167	1	1	2
OG0012168	1	1	2
OG0012169	1	1	2
OG0012170	1	1	2
OG0012171	1	1	2
OG0012172	1	1	2
OG0012173	1	1	2
OG0012174	1	1	2
OG0012175	1	1	2
OG0012176	1	1	2
OG0012177	1	1	2
OG0012178	1	1	2
OG0012179	1	1	2
OG0012180	1	1	2
OG0012181	1	1	2
OG0012182	1	1	2
OG0012183	1	1	2
OG0012184	1	1	2
OG0012185	1	1	2
OG0012186	1	1	2
OG0012187	1	1	2
OG0012188	1	1	2
OG0012189	1	1	2
OG0012190	2	0	2
OG0012191	1	1	2
OG0012192	1	1	2
OG0012193	2	0	2
OG0012194	1	1	2
OG0012195	1	1	2
OG0012196	1	1	2
OG0012197	1	1	2
OG0012198	1	1	2
OG0012199	1	1	2
OG0012200	2	0	2
OG0012201	1	1	2
OG0012202	1	1	2
OG0012203	1	1	2
OG0012204	1	1	2
OG0012205	1	1	2
OG0012206	1	1	2
OG0012207	1	1	2
OG0012208	1	1	2
OG0012209	1	1	2
OG0012210	1	1	2
OG0012211	1	1	2
OG0012212	1	1	2
OG0012213	1	1	2
OG0012214	2	0	2
OG0012215	1	1	2
OG0012216	1	1	2
OG0012217	1	1	2
OG0012218	1	1	2
OG0012219	1	1	2
OG0012220	1	1	2
OG0012221	1	1	2
OG0012222	1	1	2
OG0012223	1	1	2
OG0012224	1	1	2
OG0012225	1	1	2
OG0012226	1	1	2
OG0012227	1	1	2
OG0012228	1	1	2
OG0012229	1	1	2
OG0012230	1	1	2
OG0012231	1	1	2
OG0012232	1	1	2
OG0012233	1	1	2
OG0012234	1	1	2
OG0012235	1	1	2
OG0012236	1	1	2
OG0012237	1	1	2
OG0012238	1	1	2
OG0012239	1	1	2
OG0012240	1	1	2
OG0012241	1	1	2
OG0012242	1	1	2
OG0012243	1	1	2
OG0012244	1	1	2
OG0012245	1	1	2
OG0012246	1	1	2
OG0012247	2	0	2
OG0012248	1	1	2
OG0012249	1	1	2
OG0012250	1	1	2
OG0012251	1	1	2
OG0012252	1	1	2
OG0012253	1	1	2
OG0012254	1	1	2
OG0012255	1	1	2
OG0012256	1	1	2
OG0012257	1	1	2
OG0012258	1	1	2
OG0012259	1	1	2
OG0012260	2	0	2
OG0012261	1	1	2
OG0012262	1	1	2
OG0012263	1	1	2
OG0012264	1	1	2
OG0012265	1	1	2
OG0012266	1	1	2
OG0012267	1	1	2
OG0012268	1	1	2
OG0012269	2	0	2
OG0012270	1	1	2
OG0012271	1	1	2
OG0012272	1	1	2
OG0012273	1	1	2
OG0012274	1	1	2
OG0012275	1	1	2
OG0012276	1	1	2
OG0012277	1	1	2
OG0012278	1	1	2
OG0012279	1	1	2
OG0012280	1	1	2
OG0012281	1	1	2
OG0012282	1	1	2
OG0012283	1	1	2
OG0012284	1	1	2
OG0012285	1	1	2
OG0012286	2	0	2
OG0012287	1	1	2
OG0012288	1	1	2
OG0012289	1	1	2
OG0012290	1	1	2
OG0012291	1	1	2
OG0012292	1	1	2
OG0012293	1	1	2
OG0012294	1	1	2
OG0012295	1	1	2
OG0012296	1	1	2
OG0012297	1	1	2
OG0012298	1	1	2
OG0012299	1	1	2
OG0012300	2	0	2
OG0012301	1	1	2
OG0012302	1	1	2
OG0012303	2	0	2
OG0012304	1	1	2
OG0012305	1	1	2
OG0012306	1	1	2
OG0012307	1	1	2
OG0012308	1	1	2
OG0012309	1	1	2
OG0012310	1	1	2
OG0012311	1	1	2
OG0012312	1	1	2
OG0012313	1	1	2
OG0012314	1	1	2
OG0012315	2	0	2
OG0012316	1	1	2
OG0012317	1	1	2
OG0012318	1	1	2
OG0012319	1	1	2
OG0012320	1	1	2
OG0012321	1	1	2
OG0012322	1	1	2
OG0012323	1	1	2
OG0012324	1	1	2
OG0012325	1	1	2
OG0012326	2	0	2
OG0012327	2	0	2
OG0012328	1	1	2
OG0012329	1	1	2
OG0012330	1	1	2
OG0012331	1	1	2
OG0012332	1	1	2
OG0012333	1	1	2
OG0012334	1	1	2
OG0012335	1	1	2
OG0012336	1	1	2
OG0012337	1	1	2
OG0012338	1	1	2
OG0012339	1	1	2
OG0012340	1	1	2
OG0012341	1	1	2
OG0012342	1	1	2
OG0012343	1	1	2
OG0012344	1	1	2
OG0012345	1	1	2
OG0012346	1	1	2
OG0012347	1	1	2
OG0012348	1	1	2
OG0012349	1	1	2
OG0012350	1	1	2
OG0012351	2	0	2
OG0012352	1	1	2
OG0012353	1	1	2
OG0012354	1	1	2
OG0012355	1	1	2
OG0012356	1	1	2
OG0012357	1	1	2
OG0012358	1	1	2
OG0012359	1	1	2
OG0012360	1	1	2
OG0012361	1	1	2
OG0012362	1	1	2
OG0012363	1	1	2
OG0012364	1	1	2
OG0012365	1	1	2
OG0012366	1	1	2
OG0012367	1	1	2
OG0012368	1	1	2
OG0012369	1	1	2
OG0012370	1	1	2
OG0012371	1	1	2
OG0012372	1	1	2
OG0012373	1	1	2
OG0012374	1	1	2
OG0012375	1	1	2
OG0012376	1	1	2
OG0012377	2	0	2
OG0012378	1	1	2
OG0012379	1	1	2
OG0012380	1	1	2
OG0012381	1	1	2
OG0012382	2	0	2
OG0012383	1	1	2
OG0012384	1	1	2
OG0012385	1	1	2
OG0012386	1	1	2
OG0012387	1	1	2
OG0012388	1	1	2
OG0012389	1	1	2
OG0012390	1	1	2
OG0012391	1	1	2
OG0012392	2	0	2
OG0012393	1	1	2
OG0012394	1	1	2
OG0012395	1	1	2
OG0012396	1	1	2
OG0012397	1	1	2
OG0012398	1	1	2
OG0012399	1	1	2
OG0012400	1	1	2
OG0012401	1	1	2
OG0012402	1	1	2
OG0012403	1	1	2
OG0012404	1	1	2
OG0012405	1	1	2
OG0012406	1	1	2
OG0012407	1	1	2
OG0012408	1	1	2
OG0012409	1	1	2
OG0012410	1	1	2
OG0012411	2	0	2
OG0012412	1	1	2
OG0012413	1	1	2
OG0012414	1	1	2
OG0012415	1	1	2
OG0012416	1	1	2
OG0012417	1	1	2
OG0012418	1	1	2
OG0012419	1	1	2
OG0012420	1	1	2
OG0012421	1	1	2
OG0012422	1	1	2
OG0012423	1	1	2
OG0012424	1	1	2
OG0012425	1	1	2
OG0012426	1	1	2
OG0012427	1	1	2
OG0012428	1	1	2
OG0012429	1	1	2
OG0012430	1	1	2
OG0012431	1	1	2
OG0012432	1	1	2
OG0012433	1	1	2
OG0012434	1	1	2
OG0012435	1	1	2
OG0012436	1	1	2
OG0012437	1	1	2
OG0012438	1	1	2
OG0012439	1	1	2
OG0012440	1	1	2
OG0012441	2	0	2
OG0012442	1	1	2
OG0012443	1	1	2
OG0012444	1	1	2
OG0012445	1	1	2
OG0012446	1	1	2
OG0012447	1	1	2
OG0012448	1	1	2
OG0012449	1	1	2
OG0012450	1	1	2
OG0012451	1	1	2
OG0012452	1	1	2
OG0012453	1	1	2
OG0012454	1	1	2
OG0012455	1	1	2
OG0012456	1	1	2
OG0012457	1	1	2
OG0012458	1	1	2
OG0012459	1	1	2
OG0012460	1	1	2
OG0012461	1	1	2
OG0012462	1	1	2
OG0012463	1	1	2
OG0012464	1	1	2
OG0012465	1	1	2
OG0012466	1	1	2
OG0012467	1	1	2
OG0012468	1	1	2
OG0012469	1	1	2
OG0012470	1	1	2
OG0012471	1	1	2
OG0012472	1	1	2
OG0012473	1	1	2
OG0012474	1	1	2
OG0012475	1	1	2
OG0012476	1	1	2
OG0012477	2	0	2
OG0012478	1	1	2
OG0012479	1	1	2
OG0012480	1	1	2
OG0012481	1	1	2
OG0012482	1	1	2
OG0012483	1	1	2
OG0012484	1	1	2
OG0012485	1	1	2
OG0012486	1	1	2
OG0012487	1	1	2
OG0012488	1	1	2
OG0012489	1	1	2
OG0012490	1	1	2
OG0012491	1	1	2
OG0012492	1	1	2
OG0012493	1	1	2
OG0012494	1	1	2
OG0012495	1	1	2
OG0012496	1	1	2
OG0012497	1	1	2
OG0012498	1	1	2
OG0012499	1	1	2
OG0012500	1	1	2
OG0012501	1	1	2
OG0012502	2	0	2
OG0012503	2	0	2
OG0012504	1	1	2
OG0012505	1	1	2
OG0012506	1	1	2
OG0012507	1	1	2
OG0012508	1	1	2
OG0012509	1	1	2
OG0012510	1	1	2
OG0012511	1	1	2
OG0012512	1	1	2
OG0012513	1	1	2
OG0012514	1	1	2
OG0012515	1	1	2
OG0012516	1	1	2
OG0012517	1	1	2
OG0012518	1	1	2
OG0012519	1	1	2
OG0012520	1	1	2
OG0012521	1	1	2
OG0012522	1	1	2
OG0012523	1	1	2
OG0012524	2	0	2
OG0012525	1	1	2
OG0012526	2	0	2
OG0012527	1	1	2
OG0012528	1	1	2
OG0012529	2	0	2
OG0012530	1	1	2
OG0012531	1	1	2
OG0012532	1	1	2
OG0012533	1	1	2
OG0012534	1	1	2
OG0012535	1	1	2
OG0012536	2	0	2
OG0012537	1	1	2
OG0012538	1	1	2
OG0012539	1	1	2
OG0012540	1	1	2
OG0012541	1	1	2
OG0012542	1	1	2
OG0012543	1	1	2
OG0012544	1	1	2
OG0012545	1	1	2
OG0012546	1	1	2
OG0012547	1	1	2
OG0012548	1	1	2
OG0012549	1	1	2
OG0012550	1	1	2
OG0012551	1	1	2
OG0012552	1	1	2
OG0012553	1	1	2
OG0012554	1	1	2
OG0012555	1	1	2
OG0012556	1	1	2
OG0012557	1	1	2
OG0012558	1	1	2
OG0012559	2	0	2
OG0012560	1	1	2
OG0012561	1	1	2
OG0012562	1	1	2
OG0012563	1	1	2
OG0012564	1	1	2
OG0012565	1	1	2
OG0012566	1	1	2
OG0012567	1	1	2
OG0012568	1	1	2
OG0012569	2	0	2
OG0012570	1	1	2
OG0012571	1	1	2
OG0012572	1	1	2
OG0012573	1	1	2
OG0012574	2	0	2
OG0012575	1	1	2
OG0012576	1	1	2
OG0012577	1	1	2
OG0012578	1	1	2
OG0012579	1	1	2
OG0012580	1	1	2
OG0012581	1	1	2
OG0012582	1	1	2
OG0012583	1	1	2
OG0012584	1	1	2
OG0012585	1	1	2
OG0012586	1	1	2
OG0012587	1	1	2
OG0012588	1	1	2
OG0012589	1	1	2
OG0012590	1	1	2
OG0012591	1	1	2
OG0012592	2	0	2
OG0012593	1	1	2
OG0012594	1	1	2
OG0012595	1	1	2
OG0012596	1	1	2
OG0012597	1	1	2
OG0012598	1	1	2
OG0012599	1	1	2
OG0012600	2	0	2
OG0012601	1	1	2
OG0012602	2	0	2
OG0012603	1	1	2
OG0012604	1	1	2
OG0012605	1	1	2
OG0012606	1	1	2
OG0012607	1	1	2
OG0012608	1	1	2
OG0012609	1	1	2
OG0012610	1	1	2
OG0012611	1	1	2
OG0012612	1	1	2
OG0012613	1	1	2
OG0012614	2	0	2
OG0012615	1	1	2
OG0012616	1	1	2
OG0012617	1	1	2
OG0012618	1	1	2
OG0012619	1	1	2
OG0012620	1	1	2
OG0012621	1	1	2
OG0012622	1	1	2
OG0012623	1	1	2
OG0012624	1	1	2
OG0012625	1	1	2
OG0012626	1	1	2
OG0012627	1	1	2
OG0012628	1	1	2
OG0012629	1	1	2
OG0012630	1	1	2
OG0012631	1	1	2
OG0012632	1	1	2
OG0012633	1	1	2
OG0012634	1	1	2
OG0012635	2	0	2
OG0012636	1	1	2
OG0012637	1	1	2
OG0012638	1	1	2
OG0012639	1	1	2
OG0012640	1	1	2
OG0012641	1	1	2
OG0012642	1	1	2
OG0012643	1	1	2
OG0012644	1	1	2
OG0012645	1	1	2
OG0012646	1	1	2
OG0012647	1	1	2
OG0012648	1	1	2
OG0012649	1	1	2
OG0012650	1	1	2
OG0012651	1	1	2
OG0012652	1	1	2
OG0012653	1	1	2
OG0012654	1	1	2
OG0012655	1	1	2
OG0012656	1	1	2
OG0012657	1	1	2
OG0012658	1	1	2
OG0012659	1	1	2
OG0012660	1	1	2
OG0012661	2	0	2
OG0012662	1	1	2
OG0012663	1	1	2
OG0012664	1	1	2
OG0012665	1	1	2
OG0012666	1	1	2
OG0012667	1	1	2
OG0012668	1	1	2
OG0012669	2	0	2
OG0012670	1	1	2
OG0012671	1	1	2
OG0012672	1	1	2
OG0012673	1	1	2
OG0012674	1	1	2
OG0012675	2	0	2
OG0012676	1	1	2
OG0012677	1	1	2
OG0012678	1	1	2
OG0012679	1	1	2
OG0012680	1	1	2
OG0012681	1	1	2
OG0012682	1	1	2
OG0012683	1	1	2
OG0012684	1	1	2
OG0012685	2	0	2
OG0012686	2	0	2
OG0012687	2	0	2
OG0012688	2	0	2
OG0012689	1	1	2
OG0012690	1	1	2
OG0012691	1	1	2
OG0012692	1	1	2
OG0012693	2	0	2
OG0012694	2	0	2
OG0012695	1	1	2
OG0012696	1	1	2
OG0012697	1	1	2
OG0012698	2	0	2
OG0012699	1	1	2
OG0012700	1	1	2
OG0012701	1	1	2
OG0012702	1	1	2
OG0012703	1	1	2
OG0012704	1	1	2
OG0012705	1	1	2
OG0012706	1	1	2
OG0012707	1	1	2
OG0012708	2	0	2
OG0012709	1	1	2
OG0012710	1	1	2
OG0012711	1	1	2
OG0012712	1	1	2
OG0012713	1	1	2
OG0012714	1	1	2
OG0012715	1	1	2
OG0012716	1	1	2
OG0012717	1	1	2
OG0012718	1	1	2
OG0012719	1	1	2
OG0012720	1	1	2
OG0012721	1	1	2
OG0012722	1	1	2
OG0012723	1	1	2
OG0012724	1	1	2
OG0012725	1	1	2
OG0012726	1	1	2
OG0012727	1	1	2
OG0012728	1	1	2
OG0012729	1	1	2
OG0012730	1	1	2
OG0012731	1	1	2
OG0012732	1	1	2
OG0012733	1	1	2
OG0012734	1	1	2
OG0012735	1	1	2
OG0012736	1	1	2
OG0012737	1	1	2
OG0012738	1	1	2
OG0012739	1	1	2
OG0012740	2	0	2
OG0012741	1	1	2
OG0012742	1	1	2
OG0012743	1	1	2
OG0012744	1	1	2
OG0012745	1	1	2
OG0012746	1	1	2
OG0012747	1	1	2
OG0012748	1	1	2
OG0012749	1	1	2
OG0012750	1	1	2
OG0012751	2	0	2
OG0012752	1	1	2
OG0012753	2	0	2
OG0012754	1	1	2
OG0012755	1	1	2
OG0012756	2	0	2
OG0012757	1	1	2
OG0012758	1	1	2
OG0012759	1	1	2
OG0012760	1	1	2
OG0012761	1	1	2
OG0012762	1	1	2
OG0012763	1	1	2
OG0012764	2	0	2
OG0012765	1	1	2
OG0012766	1	1	2
OG0012767	1	1	2
OG0012768	1	1	2
OG0012769	1	1	2
OG0012770	1	1	2
OG0012771	2	0	2
OG0012772	1	1	2
OG0012773	1	1	2
OG0012774	1	1	2
OG0012775	1	1	2
OG0012776	1	1	2
OG0012777	1	1	2
OG0012778	1	1	2
OG0012779	2	0	2
OG0012780	1	1	2
OG0012781	2	0	2
OG0012782	1	1	2
OG0012783	1	1	2
OG0012784	1	1	2
OG0012785	1	1	2
OG0012786	1	1	2
OG0012787	1	1	2
OG0012788	1	1	2
OG0012789	1	1	2
OG0012790	1	1	2
OG0012791	1	1	2
OG0012792	1	1	2
OG0012793	1	1	2
OG0012794	1	1	2
OG0012795	1	1	2
OG0012796	2	0	2
OG0012797	1	1	2
OG0012798	1	1	2
OG0012799	1	1	2
OG0012800	2	0	2
OG0012801	1	1	2
OG0012802	1	1	2
OG0012803	1	1	2
OG0012804	1	1	2
OG0012805	1	1	2
OG0012806	1	1	2
OG0012807	1	1	2
OG0012808	1	1	2
OG0012809	1	1	2
OG0012810	1	1	2
OG0012811	1	1	2
OG0012812	1	1	2
OG0012813	1	1	2
OG0012814	2	0	2
OG0012815	1	1	2
OG0012816	1	1	2
OG0012817	1	1	2
OG0012818	1	1	2
OG0012819	1	1	2
OG0012820	1	1	2
OG0012821	1	1	2
OG0012822	1	1	2
OG0012823	2	0	2
OG0012824	1	1	2
OG0012825	1	1	2
OG0012826	1	1	2
OG0012827	1	1	2
OG0012828	1	1	2
OG0012829	1	1	2
OG0012830	1	1	2
OG0012831	1	1	2
OG0012832	1	1	2
OG0012833	1	1	2
OG0012834	1	1	2
OG0012835	1	1	2
OG0012836	1	1	2
OG0012837	1	1	2
OG0012838	1	1	2
OG0012839	2	0	2
OG0012840	1	1	2
OG0012841	1	1	2
OG0012842	1	1	2
OG0012843	1	1	2
OG0012844	1	1	2
OG0012845	1	1	2
OG0012846	1	1	2
OG0012847	1	1	2
OG0012848	1	1	2
OG0012849	1	1	2
OG0012850	1	1	2
OG0012851	1	1	2
OG0012852	1	1	2
OG0012853	1	1	2
OG0012854	1	1	2
OG0012855	1	1	2
OG0012856	1	1	2
OG0012857	2	0	2
OG0012858	1	1	2
OG0012859	1	1	2
OG0012860	1	1	2
OG0012861	1	1	2
OG0012862	1	1	2
OG0012863	1	1	2
OG0012864	2	0	2
OG0012865	1	1	2
OG0012866	1	1	2
OG0012867	1	1	2
OG0012868	1	1	2
OG0012869	1	1	2
OG0012870	1	1	2
OG0012871	1	1	2
OG0012872	2	0	2
OG0012873	1	1	2
OG0012874	1	1	2
OG0012875	1	1	2
OG0012876	1	1	2
OG0012877	1	1	2
OG0012878	1	1	2
OG0012879	1	1	2
OG0012880	1	1	2
OG0012881	1	1	2
OG0012882	2	0	2
OG0012883	1	1	2
OG0012884	1	1	2
OG0012885	2	0	2
OG0012886	1	1	2
OG0012887	1	1	2
OG0012888	1	1	2
OG0012889	2	0	2
OG0012890	1	1	2
OG0012891	1	1	2
OG0012892	1	1	2
OG0012893	1	1	2
OG0012894	1	1	2
OG0012895	1	1	2
OG0012896	2	0	2
OG0012897	1	1	2
OG0012898	1	1	2
OG0012899	1	1	2
OG0012900	1	1	2
OG0012901	1	1	2
OG0012902	1	1	2
OG0012903	2	0	2
OG0012904	1	1	2
OG0012905	1	1	2
OG0012906	1	1	2
OG0012907	2	0	2
OG0012908	1	1	2
OG0012909	1	1	2
OG0012910	1	1	2
OG0012911	1	1	2
OG0012912	1	1	2
OG0012913	1	1	2
OG0012914	2	0	2
OG0012915	1	1	2
OG0012916	1	1	2
OG0012917	1	1	2
OG0012918	1	1	2
OG0012919	1	1	2
OG0012920	1	1	2
OG0012921	1	1	2
OG0012922	1	1	2
OG0012923	1	1	2
OG0012924	2	0	2
OG0012925	2	0	2
OG0012926	2	0	2
OG0012927	1	1	2
OG0012928	1	1	2
OG0012929	1	1	2
OG0012930	1	1	2
OG0012931	1	1	2
OG0012932	2	0	2
OG0012933	1	1	2
OG0012934	1	1	2
OG0012935	1	1	2
OG0012936	1	1	2
OG0012937	1	1	2
OG0012938	1	1	2
OG0012939	1	1	2
OG0012940	1	1	2
OG0012941	1	1	2
OG0012942	1	1	2
OG0012943	1	1	2
OG0012944	1	1	2
OG0012945	1	1	2
OG0012946	1	1	2
OG0012947	1	1	2
OG0012948	2	0	2
OG0012949	1	1	2
OG0012950	1	1	2
OG0012951	1	1	2
OG0012952	1	1	2
OG0012953	1	1	2
OG0012954	1	1	2
OG0012955	1	1	2
OG0012956	1	1	2
OG0012957	1	1	2
OG0012958	1	1	2
OG0012959	1	1	2
OG0012960	1	1	2
OG0012961	2	0	2
OG0012962	1	1	2
OG0012963	1	1	2
OG0012964	1	1	2
OG0012965	1	1	2
OG0012966	1	1	2
OG0012967	1	1	2
OG0012968	1	1	2
OG0012969	1	1	2
OG0012970	1	1	2
OG0012971	1	1	2
OG0012972	1	1	2
OG0012973	1	1	2
OG0012974	1	1	2
OG0012975	1	1	2
OG0012976	1	1	2
OG0012977	1	1	2
OG0012978	1	1	2
OG0012979	1	1	2
OG0012980	1	1	2
OG0012981	1	1	2
OG0012982	2	0	2
OG0012983	1	1	2
OG0012984	1	1	2
OG0012985	1	1	2
OG0012986	2	0	2
OG0012987	1	1	2
OG0012988	1	1	2
OG0012989	2	0	2
OG0012990	1	1	2
OG0012991	1	1	2
OG0012992	1	1	2
OG0012993	1	1	2
OG0012994	1	1	2
OG0012995	1	1	2
OG0012996	1	1	2
OG0012997	1	1	2
OG0012998	1	1	2
OG0012999	2	0	2
OG0013000	1	1	2
OG0013001	1	1	2
OG0013002	1	1	2
OG0013003	1	1	2
OG0013004	1	1	2
OG0013005	1	1	2
OG0013006	1	1	2
OG0013007	1	1	2
OG0013008	1	1	2
OG0013009	2	0	2
OG0013010	1	1	2
OG0013011	1	1	2
OG0013012	1	1	2
OG0013013	1	1	2
OG0013014	1	1	2
OG0013015	1	1	2
OG0013016	1	1	2
OG0013017	1	1	2
OG0013018	1	1	2
OG0013019	1	1	2
OG0013020	1	1	2
OG0013021	1	1	2
OG0013022	1	1	2
OG0013023	2	0	2
OG0013024	2	0	2
OG0013025	1	1	2
OG0013026	1	1	2
OG0013027	1	1	2
OG0013028	1	1	2
OG0013029	1	1	2
OG0013030	2	0	2
OG0013031	1	1	2
OG0013032	1	1	2
OG0013033	1	1	2
OG0013034	1	1	2
OG0013035	1	1	2
OG0013036	1	1	2
OG0013037	1	1	2
OG0013038	1	1	2
OG0013039	1	1	2
OG0013040	1	1	2
OG0013041	1	1	2
OG0013042	1	1	2
OG0013043	1	1	2
OG0013044	1	1	2
OG0013045	1	1	2
OG0013046	1	1	2
OG0013047	1	1	2
OG0013048	1	1	2
OG0013049	2	0	2
OG0013050	2	0	2
OG0013051	1	1	2
OG0013052	1	1	2
OG0013053	1	1	2
OG0013054	1	1	2
OG0013055	1	1	2
OG0013056	1	1	2
OG0013057	1	1	2
OG0013058	1	1	2
OG0013059	1	1	2
OG0013060	1	1	2
OG0013061	1	1	2
OG0013062	1	1	2
OG0013063	1	1	2
OG0013064	1	1	2
OG0013065	1	1	2
OG0013066	1	1	2
OG0013067	1	1	2
OG0013068	1	1	2
OG0013069	1	1	2
OG0013070	1	1	2
OG0013071	2	0	2
OG0013072	1	1	2
OG0013073	1	1	2
OG0013074	2	0	2
OG0013075	1	1	2
OG0013076	1	1	2
OG0013077	2	0	2
OG0013078	1	1	2
OG0013079	1	1	2
OG0013080	1	1	2
OG0013081	1	1	2
OG0013082	1	1	2
OG0013083	1	1	2
OG0013084	1	1	2
OG0013085	2	0	2
OG0013086	1	1	2
OG0013087	1	1	2
OG0013088	1	1	2
OG0013089	1	1	2
OG0013090	2	0	2
OG0013091	1	1	2
OG0013092	1	1	2
OG0013093	1	1	2
OG0013094	1	1	2
OG0013095	1	1	2
OG0013096	1	1	2
OG0013097	1	1	2
OG0013098	1	1	2
OG0013099	1	1	2
OG0013100	1	1	2
OG0013101	1	1	2
OG0013102	1	1	2
OG0013103	1	1	2
OG0013104	1	1	2
OG0013105	1	1	2
OG0013106	1	1	2
OG0013107	2	0	2
OG0013108	2	0	2
OG0013109	2	0	2
OG0013110	1	1	2
OG0013111	1	1	2
OG0013112	1	1	2
OG0013113	2	0	2
OG0013114	2	0	2
OG0013115	1	1	2
OG0013116	1	1	2
OG0013117	1	1	2
OG0013118	1	1	2
OG0013119	1	1	2
OG0013120	1	1	2
OG0013121	1	1	2
OG0013122	1	1	2
OG0013123	1	1	2
OG0013124	1	1	2
OG0013125	2	0	2
OG0013126	1	1	2
OG0013127	1	1	2
OG0013128	2	0	2
OG0013129	1	1	2
OG0013130	1	1	2
OG0013131	1	1	2
OG0013132	2	0	2
OG0013133	1	1	2
OG0013134	1	1	2
OG0013135	1	1	2
OG0013136	1	1	2
OG0013137	1	1	2
OG0013138	1	1	2
OG0013139	1	1	2
OG0013140	1	1	2
OG0013141	1	1	2
OG0013142	1	1	2
OG0013143	1	1	2
OG0013144	1	1	2
OG0013145	2	0	2
OG0013146	2	0	2
OG0013147	2	0	2
OG0013148	1	1	2
OG0013149	1	1	2
OG0013150	1	1	2
OG0013151	1	1	2
OG0013152	2	0	2
OG0013153	1	1	2
OG0013154	1	1	2
OG0013155	1	1	2
OG0013156	1	1	2
OG0013157	1	1	2
OG0013158	1	1	2
OG0013159	1	1	2
OG0013160	1	1	2
OG0013161	1	1	2
OG0013162	1	1	2
OG0013163	1	1	2
OG0013164	1	1	2
OG0013165	1	1	2
OG0013166	2	0	2
OG0013167	2	0	2
OG0013168	2	0	2
OG0013169	2	0	2
OG0013170	1	1	2
OG0013171	1	1	2
OG0013172	1	1	2
OG0013173	1	1	2
OG0013174	1	1	2
OG0013175	1	1	2
OG0013176	1	1	2
OG0013177	1	1	2
OG0013178	1	1	2
OG0013179	1	1	2
OG0013180	1	1	2
OG0013181	2	0	2
OG0013182	2	0	2
OG0013183	1	1	2
OG0013184	1	1	2
OG0013185	2	0	2
OG0013186	1	1	2
OG0013187	1	1	2
OG0013188	1	1	2
OG0013189	1	1	2
OG0013190	1	1	2
OG0013191	1	1	2
OG0013192	1	1	2
OG0013193	1	1	2
OG0013194	1	1	2
OG0013195	1	1	2
OG0013196	2	0	2
OG0013197	1	1	2
OG0013198	1	1	2
OG0013199	1	1	2
OG0013200	1	1	2
OG0013201	1	1	2
OG0013202	1	1	2
OG0013203	1	1	2
OG0013204	1	1	2
OG0013205	2	0	2
OG0013206	1	1	2
OG0013207	1	1	2
OG0013208	1	1	2
OG0013209	1	1	2
OG0013210	2	0	2
OG0013211	1	1	2
OG0013212	2	0	2
OG0013213	1	1	2
OG0013214	1	1	2
OG0013215	1	1	2
OG0013216	1	1	2
OG0013217	1	1	2
OG0013218	1	1	2
OG0013219	2	0	2
OG0013220	1	1	2
OG0013221	1	1	2
OG0013222	1	1	2
OG0013223	1	1	2
OG0013224	1	1	2
OG0013225	2	0	2
OG0013226	1	1	2
OG0013227	2	0	2
OG0013228	1	1	2
OG0013229	1	1	2
OG0013230	1	1	2
OG0013231	1	1	2
OG0013232	1	1	2
OG0013233	1	1	2
OG0013234	1	1	2
OG0013235	1	1	2
OG0013236	1	1	2
OG0013237	1	1	2
OG0013238	1	1	2
OG0013239	1	1	2
OG0013240	1	1	2
OG0013241	1	1	2
OG0013242	1	1	2
OG0013243	1	1	2
OG0013244	1	1	2
OG0013245	1	1	2
OG0013246	2	0	2
OG0013247	1	1	2
OG0013248	1	1	2
OG0013249	1	1	2
OG0013250	1	1	2
OG0013251	1	1	2
OG0013252	1	1	2
OG0013253	1	1	2
OG0013254	1	1	2
OG0013255	1	1	2
OG0013256	1	1	2
OG0013257	1	1	2
OG0013258	1	1	2
OG0013259	2	0	2
OG0013260	1	1	2
OG0013261	1	1	2
OG0013262	1	1	2
OG0013263	1	1	2
OG0013264	1	1	2
OG0013265	1	1	2
OG0013266	1	1	2
OG0013267	1	1	2
OG0013268	1	1	2
OG0013269	1	1	2
OG0013270	1	1	2
OG0013271	1	1	2
OG0013272	1	1	2
OG0013273	1	1	2
OG0013274	1	1	2
OG0013275	1	1	2
OG0013276	1	1	2
OG0013277	2	0	2
OG0013278	1	1	2
OG0013279	1	1	2
OG0013280	1	1	2
OG0013281	1	1	2
OG0013282	1	1	2
OG0013283	2	0	2
OG0013284	1	1	2
OG0013285	1	1	2
OG0013286	1	1	2
OG0013287	1	1	2
OG0013288	2	0	2
OG0013289	1	1	2
OG0013290	1	1	2
OG0013291	2	0	2
OG0013292	1	1	2
OG0013293	1	1	2
OG0013294	1	1	2
OG0013295	1	1	2
OG0013296	1	1	2
OG0013297	1	1	2
OG0013298	1	1	2
OG0013299	1	1	2
OG0013300	1	1	2
OG0013301	1	1	2
OG0013302	1	1	2
OG0013303	1	1	2
OG0013304	2	0	2
OG0013305	1	1	2
OG0013306	2	0	2
OG0013307	1	1	2
OG0013308	1	1	2
OG0013309	1	1	2
OG0013310	1	1	2
OG0013311	1	1	2
OG0013312	1	1	2
OG0013313	1	1	2
OG0013314	2	0	2
OG0013315	1	1	2
OG0013316	1	1	2
OG0013317	1	1	2
OG0013318	1	1	2
OG0013319	1	1	2
OG0013320	1	1	2
OG0013321	1	1	2
OG0013322	1	1	2
OG0013323	1	1	2
OG0013324	1	1	2
OG0013325	1	1	2
OG0013326	1	1	2
OG0013327	1	1	2
OG0013328	2	0	2
OG0013329	1	1	2
OG0013330	1	1	2
OG0013331	1	1	2
OG0013332	1	1	2
OG0013333	1	1	2
OG0013334	1	1	2
OG0013335	1	1	2
OG0013336	1	1	2
OG0013337	1	1	2
OG0013338	1	1	2
OG0013339	1	1	2
OG0013340	1	1	2
OG0013341	1	1	2
OG0013342	2	0	2
OG0013343	2	0	2
OG0013344	2	0	2
OG0013345	1	1	2
OG0013346	1	1	2
OG0013347	2	0	2
OG0013348	2	0	2
OG0013349	1	1	2
OG0013350	1	1	2
OG0013351	1	1	2
OG0013352	2	0	2
OG0013353	1	1	2
OG0013354	1	1	2
OG0013355	1	1	2
OG0013356	1	1	2
OG0013357	1	1	2
OG0013358	2	0	2
OG0013359	1	1	2
OG0013360	1	1	2
OG0013361	1	1	2
OG0013362	1	1	2
OG0013363	2	0	2
OG0013364	1	1	2
OG0013365	1	1	2
OG0013366	1	1	2
OG0013367	1	1	2
OG0013368	1	1	2
OG0013369	2	0	2
OG0013370	1	1	2
OG0013371	1	1	2
OG0013372	2	0	2
OG0013373	1	1	2
OG0013374	1	1	2
OG0013375	1	1	2
OG0013376	1	1	2
OG0013377	2	0	2
OG0013378	1	1	2
OG0013379	1	1	2
OG0013380	1	1	2
OG0013381	1	1	2
OG0013382	2	0	2
OG0013383	1	1	2
OG0013384	1	1	2
OG0013385	1	1	2
OG0013386	2	0	2
OG0013387	1	1	2
OG0013388	2	0	2
OG0013389	1	1	2
OG0013390	1	1	2
OG0013391	1	1	2
OG0013392	1	1	2
OG0013393	2	0	2
OG0013394	1	1	2
OG0013395	1	1	2
OG0013396	1	1	2
OG0013397	1	1	2
OG0013398	1	1	2
OG0013399	1	1	2
OG0013400	2	0	2
OG0013401	1	1	2
OG0013402	1	1	2
OG0013403	1	1	2
OG0013404	1	1	2
OG0013405	1	1	2
OG0013406	1	1	2
OG0013407	1	1	2
OG0013408	1	1	2
OG0013409	1	1	2
OG0013410	1	1	2
OG0013411	1	1	2
OG0013412	1	1	2
OG0013413	1	1	2
OG0013414	1	1	2
OG0013415	1	1	2
OG0013416	1	1	2
OG0013417	1	1	2
OG0013418	1	1	2
OG0013419	1	1	2
OG0013420	1	1	2
OG0013421	1	1	2
OG0013422	1	1	2
OG0013423	1	1	2
OG0013424	1	1	2
OG0013425	1	1	2
OG0013426	1	1	2
OG0013427	1	1	2
OG0013428	2	0	2
OG0013429	2	0	2
OG0013430	1	1	2
OG0013431	1	1	2
OG0013432	1	1	2
OG0013433	1	1	2
OG0013434	1	1	2
OG0013435	2	0	2
OG0013436	2	0	2
OG0013437	1	1	2
OG0013438	1	1	2
OG0013439	1	1	2
OG0013440	1	1	2
OG0013441	1	1	2
OG0013442	1	1	2
OG0013443	1	1	2
OG0013444	2	0	2
OG0013445	2	0	2
OG0013446	1	1	2
OG0013447	1	1	2
OG0013448	2	0	2
OG0013449	1	1	2
OG0013450	1	1	2
OG0013451	2	0	2
OG0013452	1	1	2
OG0013453	1	1	2
OG0013454	1	1	2
OG0013455	1	1	2
OG0013456	1	1	2
OG0013457	1	1	2
OG0013458	1	1	2
OG0013459	1	1	2
OG0013460	1	1	2
OG0013461	2	0	2
OG0013462	1	1	2
OG0013463	1	1	2
OG0013464	1	1	2
OG0013465	1	1	2
OG0013466	1	1	2
OG0013467	1	1	2
OG0013468	1	1	2
OG0013469	1	1	2
OG0013470	2	0	2
OG0013471	1	1	2
OG0013472	1	1	2
OG0013473	1	1	2
OG0013474	1	1	2
OG0013475	1	1	2
OG0013476	2	0	2
OG0013477	1	1	2
OG0013478	1	1	2
OG0013479	1	1	2
OG0013480	1	1	2
OG0013481	1	1	2
OG0013482	1	1	2
OG0013483	1	1	2
OG0013484	1	1	2
OG0013485	1	1	2
OG0013486	1	1	2
OG0013487	1	1	2
OG0013488	1	1	2
OG0013489	1	1	2
OG0013490	1	1	2
OG0013491	1	1	2
OG0013492	1	1	2
OG0013493	1	1	2
OG0013494	1	1	2
OG0013495	1	1	2
OG0013496	1	1	2
OG0013497	1	1	2
OG0013498	1	1	2
OG0013499	1	1	2
OG0013500	1	1	2
OG0013501	1	1	2
OG0013502	1	1	2
OG0013503	1	1	2
OG0013504	1	1	2
OG0013505	1	1	2
OG0013506	1	1	2
OG0013507	1	1	2
OG0013508	1	1	2
OG0013509	1	1	2
OG0013510	1	1	2
OG0013511	1	1	2
OG0013512	1	1	2
OG0013513	1	1	2
OG0013514	1	1	2
OG0013515	1	1	2
OG0013516	1	1	2
OG0013517	1	1	2
OG0013518	1	1	2
OG0013519	1	1	2
OG0013520	1	1	2
OG0013521	1	1	2
OG0013522	1	1	2
OG0013523	1	1	2
OG0013524	1	1	2
OG0013525	1	1	2
OG0013526	1	1	2
OG0013527	1	1	2
OG0013528	1	1	2
OG0013529	1	1	2
OG0013530	1	1	2
OG0013531	1	1	2
OG0013532	1	1	2
OG0013533	2	0	2
OG0013534	1	1	2
OG0013535	1	1	2
OG0013536	1	1	2
OG0013537	1	1	2
OG0013538	1	1	2
OG0013539	1	1	2
OG0013540	1	1	2
OG0013541	1	1	2
OG0013542	1	1	2
OG0013543	2	0	2
OG0013544	1	1	2
OG0013545	1	1	2
OG0013546	2	0	2
OG0013547	1	1	2
OG0013548	1	1	2
OG0013549	1	1	2
OG0013550	1	1	2
OG0013551	2	0	2
OG0013552	1	1	2
OG0013553	1	1	2
OG0013554	1	1	2
OG0013555	1	1	2
OG0013556	1	1	2
OG0013557	1	1	2
OG0013558	1	1	2
OG0013559	1	1	2
OG0013560	1	1	2
OG0013561	2	0	2
OG0013562	1	1	2
OG0013563	1	1	2
OG0013564	1	1	2
OG0013565	1	1	2
OG0013566	1	1	2
OG0013567	1	1	2
OG0013568	2	0	2
OG0013569	1	1	2
OG0013570	1	1	2
OG0013571	1	1	2
OG0013572	1	1	2
OG0013573	1	1	2
OG0013574	1	1	2
OG0013575	1	1	2
OG0013576	1	1	2
OG0013577	1	1	2
OG0013578	1	1	2
OG0013579	1	1	2
OG0013580	2	0	2
OG0013581	1	1	2
OG0013582	1	1	2
OG0013583	1	1	2
OG0013584	1	1	2
OG0013585	2	0	2
OG0013586	1	1	2
OG0013587	1	1	2
OG0013588	1	1	2
OG0013589	1	1	2
OG0013590	1	1	2
OG0013591	2	0	2
OG0013592	1	1	2
OG0013593	1	1	2
OG0013594	1	1	2
OG0013595	1	1	2
OG0013596	1	1	2
OG0013597	1	1	2
OG0013598	1	1	2
OG0013599	1	1	2
OG0013600	1	1	2
OG0013601	1	1	2
OG0013602	1	1	2
OG0013603	1	1	2
OG0013604	1	1	2
OG0013605	1	1	2
OG0013606	1	1	2
OG0013607	1	1	2
OG0013608	1	1	2
OG0013609	1	1	2
OG0013610	1	1	2
OG0013611	1	1	2
OG0013612	1	1	2
OG0013613	1	1	2
OG0013614	1	1	2
OG0013615	1	1	2
OG0013616	1	1	2
OG0013617	1	1	2
OG0013618	1	1	2
OG0013619	1	1	2
OG0013620	2	0	2
OG0013621	1	1	2
OG0013622	1	1	2
OG0013623	1	1	2
OG0013624	1	1	2
OG0013625	1	1	2
OG0013626	1	1	2
OG0013627	1	1	2
OG0013628	1	1	2
OG0013629	1	1	2
OG0013630	1	1	2
OG0013631	2	0	2
OG0013632	2	0	2
OG0013633	1	1	2
OG0013634	2	0	2
OG0013635	2	0	2
OG0013636	1	1	2
OG0013637	1	1	2
OG0013638	1	1	2
OG0013639	1	1	2
OG0013640	1	1	2
OG0013641	2	0	2
OG0013642	1	1	2
OG0013643	1	1	2
OG0013644	1	1	2
OG0013645	1	1	2
OG0013646	2	0	2
OG0013647	2	0	2
OG0013648	1	1	2
OG0013649	2	0	2
OG0013650	2	0	2
OG0013651	1	1	2
OG0013652	1	1	2
OG0013653	1	1	2
OG0013654	1	1	2
OG0013655	2	0	2
OG0013656	1	1	2
OG0013657	1	1	2
OG0013658	1	1	2
OG0013659	1	1	2
OG0013660	1	1	2
OG0013661	1	1	2
OG0013662	1	1	2
OG0013663	1	1	2
OG0013664	1	1	2
OG0013665	2	0	2
OG0013666	1	1	2
OG0013667	1	1	2
OG0013668	2	0	2
OG0013669	1	1	2
OG0013670	1	1	2
OG0013671	1	1	2
OG0013672	1	1	2
OG0013673	1	1	2
OG0013674	1	1	2
OG0013675	1	1	2
OG0013676	1	1	2
OG0013677	1	1	2
OG0013678	1	1	2
OG0013679	2	0	2
OG0013680	1	1	2
OG0013681	1	1	2
OG0013682	1	1	2
OG0013683	1	1	2
OG0013684	1	1	2
OG0013685	1	1	2
OG0013686	1	1	2
OG0013687	1	1	2
OG0013688	1	1	2
OG0013689	1	1	2
OG0013690	2	0	2
OG0013691	1	1	2
OG0013692	1	1	2
OG0013693	1	1	2
OG0013694	1	1	2
OG0013695	1	1	2
OG0013696	1	1	2
OG0013697	1	1	2
OG0013698	1	1	2
OG0013699	1	1	2
OG0013700	1	1	2
OG0013701	1	1	2
OG0013702	1	1	2
OG0013703	1	1	2
OG0013704	1	1	2
OG0013705	2	0	2
OG0013706	1	1	2
OG0013707	1	1	2
OG0013708	1	1	2
OG0013709	1	1	2
OG0013710	2	0	2
OG0013711	1	1	2
OG0013712	2	0	2
OG0013713	2	0	2
OG0013714	1	1	2
OG0013715	1	1	2
OG0013716	1	1	2
OG0013717	2	0	2
OG0013718	1	1	2
OG0013719	1	1	2
OG0013720	1	1	2
OG0013721	1	1	2
OG0013722	1	1	2
OG0013723	1	1	2
OG0013724	1	1	2
OG0013725	2	0	2
OG0013726	1	1	2
OG0013727	1	1	2
OG0013728	1	1	2
OG0013729	1	1	2
OG0013730	1	1	2
OG0013731	1	1	2
OG0013732	1	1	2
OG0013733	1	1	2
OG0013734	1	1	2
OG0013735	1	1	2
OG0013736	1	1	2
OG0013737	1	1	2
OG0013738	1	1	2
OG0013739	1	1	2
OG0013740	1	1	2
OG0013741	1	1	2
OG0013742	1	1	2
OG0013743	2	0	2
OG0013744	2	0	2
OG0013745	2	0	2
OG0013746	1	1	2
OG0013747	1	1	2
OG0013748	1	1	2
OG0013749	1	1	2
OG0013750	1	1	2
OG0013751	1	1	2
OG0013752	1	1	2
OG0013753	1	1	2
OG0013754	1	1	2
OG0013755	1	1	2
OG0013756	1	1	2
OG0013757	1	1	2
OG0013758	1	1	2
OG0013759	1	1	2
OG0013760	1	1	2
OG0013761	1	1	2
OG0013762	1	1	2
OG0013763	1	1	2
OG0013764	1	1	2
OG0013765	1	1	2
OG0013766	1	1	2
OG0013767	1	1	2
OG0013768	1	1	2
OG0013769	2	0	2
OG0013770	1	1	2
OG0013771	1	1	2
OG0013772	1	1	2
OG0013773	2	0	2
OG0013774	1	1	2
OG0013775	1	1	2
OG0013776	2	0	2
OG0013777	1	1	2
OG0013778	1	1	2
OG0013779	2	0	2
OG0013780	1	1	2
OG0013781	1	1	2
OG0013782	1	1	2
OG0013783	1	1	2
OG0013784	1	1	2
OG0013785	1	1	2
OG0013786	1	1	2
OG0013787	1	1	2
OG0013788	1	1	2
OG0013789	1	1	2
OG0013790	1	1	2
OG0013791	1	1	2
OG0013792	1	1	2
OG0013793	1	1	2
OG0013794	2	0	2
OG0013795	1	1	2
OG0013796	1	1	2
OG0013797	1	1	2
OG0013798	1	1	2
OG0013799	1	1	2
OG0013800	1	1	2
OG0013801	1	1	2
OG0013802	1	1	2
OG0013803	1	1	2
OG0013804	2	0	2
OG0013805	1	1	2
OG0013806	1	1	2
OG0013807	1	1	2
OG0013808	1	1	2
OG0013809	1	1	2
OG0013810	1	1	2
OG0013811	1	1	2
OG0013812	1	1	2
OG0013813	1	1	2
OG0013814	1	1	2
OG0013815	1	1	2
OG0013816	2	0	2
OG0013817	1	1	2
OG0013818	1	1	2
OG0013819	2	0	2
OG0013820	1	1	2
OG0013821	2	0	2
OG0013822	1	1	2
OG0013823	1	1	2
OG0013824	1	1	2
OG0013825	1	1	2
OG0013826	1	1	2
OG0013827	1	1	2
OG0013828	1	1	2
OG0013829	1	1	2
OG0013830	2	0	2
OG0013831	1	1	2
OG0013832	1	1	2
OG0013833	1	1	2
OG0013834	1	1	2
OG0013835	1	1	2
OG0013836	1	1	2
OG0013837	2	0	2
OG0013838	2	0	2
OG0013839	2	0	2
OG0013840	2	0	2
OG0013841	1	1	2
OG0013842	1	1	2
OG0013843	1	1	2
OG0013844	1	1	2
OG0013845	1	1	2
OG0013846	1	1	2
OG0013847	1	1	2
OG0013848	1	1	2
OG0013849	1	1	2
OG0013850	1	1	2
OG0013851	1	1	2
OG0013852	1	1	2
OG0013853	1	1	2
OG0013854	2	0	2
OG0013855	1	1	2
OG0013856	1	1	2
OG0013857	1	1	2
OG0013858	1	1	2
OG0013859	1	1	2
OG0013860	1	1	2
OG0013861	1	1	2
OG0013862	1	1	2
OG0013863	1	1	2
OG0013864	1	1	2
OG0013865	1	1	2
OG0013866	1	1	2
OG0013867	1	1	2
OG0013868	1	1	2
OG0013869	1	1	2
OG0013870	1	1	2
OG0013871	1	1	2
OG0013872	1	1	2
OG0013873	1	1	2
OG0013874	2	0	2
OG0013875	1	1	2
OG0013876	2	0	2
OG0013877	1	1	2
OG0013878	1	1	2
OG0013879	1	1	2
OG0013880	1	1	2
OG0013881	1	1	2
OG0013882	1	1	2
OG0013883	2	0	2
OG0013884	1	1	2
OG0013885	2	0	2
OG0013886	1	1	2
OG0013887	2	0	2
OG0013888	1	1	2
OG0013889	1	1	2
OG0013890	1	1	2
OG0013891	1	1	2
OG0013892	1	1	2
OG0013893	1	1	2
OG0013894	2	0	2
OG0013895	1	1	2
OG0013896	1	1	2
OG0013897	2	0	2
OG0013898	1	1	2
OG0013899	1	1	2
OG0013900	1	1	2
OG0013901	1	1	2
OG0013902	2	0	2
OG0013903	1	1	2
OG0013904	1	1	2
OG0013905	1	1	2
OG0013906	1	1	2
OG0013907	1	1	2
OG0013908	1	1	2
OG0013909	1	1	2
OG0013910	1	1	2
OG0013911	2	0	2
OG0013912	1	1	2
OG0013913	1	1	2
OG0013914	1	1	2
OG0013915	2	0	2
OG0013916	1	1	2
OG0013917	1	1	2
OG0013918	1	1	2
OG0013919	1	1	2
OG0013920	2	0	2
OG0013921	1	1	2
OG0013922	1	1	2
OG0013923	1	1	2
OG0013924	1	1	2
OG0013925	2	0	2
OG0013926	1	1	2
OG0013927	1	1	2
OG0013928	1	1	2
OG0013929	1	1	2
OG0013930	1	1	2
OG0013931	1	1	2
OG0013932	1	1	2
OG0013933	1	1	2
OG0013934	1	1	2
OG0013935	1	1	2
OG0013936	1	1	2
OG0013937	1	1	2
OG0013938	2	0	2
OG0013939	1	1	2
OG0013940	1	1	2
OG0013941	2	0	2
OG0013942	1	1	2
OG0013943	1	1	2
OG0013944	1	1	2
OG0013945	1	1	2
OG0013946	1	1	2
OG0013947	2	0	2
OG0013948	1	1	2
OG0013949	1	1	2
OG0013950	1	1	2
OG0013951	1	1	2
OG0013952	1	1	2
OG0013953	1	1	2
OG0013954	1	1	2
OG0013955	1	1	2
OG0013956	1	1	2
OG0013957	1	1	2
OG0013958	1	1	2
OG0013959	1	1	2
OG0013960	2	0	2
OG0013961	1	1	2
OG0013962	1	1	2
OG0013963	1	1	2
OG0013964	1	1	2
OG0013965	2	0	2
OG0013966	1	1	2
OG0013967	2	0	2
OG0013968	2	0	2
OG0013969	1	1	2
OG0013970	1	1	2
OG0013971	1	1	2
OG0013972	1	1	2
OG0013973	1	1	2
OG0013974	1	1	2
OG0013975	1	1	2
OG0013976	1	1	2
OG0013977	1	1	2
OG0013978	1	1	2
OG0013979	1	1	2
OG0013980	2	0	2
OG0013981	2	0	2
OG0013982	1	1	2
OG0013983	2	0	2
OG0013984	1	1	2
OG0013985	1	1	2
OG0013986	1	1	2
OG0013987	1	1	2
OG0013988	1	1	2
OG0013989	2	0	2
OG0013990	1	1	2
OG0013991	2	0	2
OG0013992	1	1	2
OG0013993	1	1	2
OG0013994	1	1	2
OG0013995	1	1	2
OG0013996	2	0	2
OG0013997	1	1	2
OG0013998	1	1	2
OG0013999	1	1	2
OG0014000	1	1	2
OG0014001	1	1	2
OG0014002	1	1	2
OG0014003	1	1	2
OG0014004	1	1	2
OG0014005	1	1	2
OG0014006	1	1	2
OG0014007	1	1	2
OG0014008	1	1	2
OG0014009	1	1	2
OG0014010	2	0	2
OG0014011	1	1	2
OG0014012	1	1	2
OG0014013	1	1	2
OG0014014	1	1	2
OG0014015	1	1	2
OG0014016	1	1	2
OG0014017	1	1	2
OG0014018	1	1	2
OG0014019	1	1	2
OG0014020	1	1	2
OG0014021	1	1	2
OG0014022	2	0	2
OG0014023	1	1	2
OG0014024	2	0	2
OG0014025	1	1	2
OG0014026	1	1	2
OG0014027	1	1	2
OG0014028	1	1	2
OG0014029	1	1	2
OG0014030	1	1	2
OG0014031	1	1	2
OG0014032	1	1	2
OG0014033	1	1	2
OG0014034	1	1	2
OG0014035	1	1	2
OG0014036	1	1	2
OG0014037	1	1	2
OG0014038	1	1	2
OG0014039	1	1	2
OG0014040	2	0	2
OG0014041	1	1	2
OG0014042	1	1	2
OG0014043	1	1	2
OG0014044	1	1	2
OG0014045	1	1	2
OG0014046	1	1	2
OG0014047	1	1	2
OG0014048	1	1	2
OG0014049	1	1	2
OG0014050	1	1	2
OG0014051	1	1	2
OG0014052	2	0	2
OG0014053	1	1	2
OG0014054	1	1	2
OG0014055	2	0	2
OG0014056	1	1	2
OG0014057	1	1	2
OG0014058	1	1	2
OG0014059	1	1	2
OG0014060	1	1	2
OG0014061	2	0	2
OG0014062	1	1	2
OG0014063	1	1	2
OG0014064	2	0	2
OG0014065	1	1	2
OG0014066	1	1	2
OG0014067	1	1	2
OG0014068	1	1	2
OG0014069	1	1	2
OG0014070	1	1	2
OG0014071	2	0	2
OG0014072	1	1	2
OG0014073	1	1	2
OG0014074	1	1	2
OG0014075	1	1	2
OG0014076	2	0	2
OG0014077	1	1	2
OG0014078	2	0	2
OG0014079	1	1	2
OG0014080	1	1	2
OG0014081	1	1	2
OG0014082	1	1	2
OG0014083	1	1	2
OG0014084	1	1	2
OG0014085	1	1	2
OG0014086	1	1	2
OG0014087	1	1	2
OG0014088	1	1	2
OG0014089	1	1	2
OG0014090	1	1	2
OG0014091	2	0	2
OG0014092	1	1	2
OG0014093	1	1	2
OG0014094	1	1	2
OG0014095	2	0	2
OG0014096	1	1	2
OG0014097	1	1	2
OG0014098	1	1	2
OG0014099	1	1	2
OG0014100	1	1	2
OG0014101	2	0	2
OG0014102	1	1	2
OG0014103	1	1	2
OG0014104	2	0	2
OG0014105	1	1	2
OG0014106	1	1	2
OG0014107	2	0	2
OG0014108	1	1	2
OG0014109	2	0	2
OG0014110	1	1	2
OG0014111	2	0	2
OG0014112	1	1	2
OG0014113	2	0	2
OG0014114	1	1	2
OG0014115	1	1	2
OG0014116	1	1	2
OG0014117	1	1	2
OG0014118	1	1	2
OG0014119	1	1	2
OG0014120	1	1	2
OG0014121	1	1	2
OG0014122	1	1	2
OG0014123	1	1	2
OG0014124	1	1	2
OG0014125	1	1	2
OG0014126	1	1	2
OG0014127	1	1	2
OG0014128	1	1	2
OG0014129	1	1	2
OG0014130	1	1	2
OG0014131	1	1	2
OG0014132	2	0	2
OG0014133	1	1	2
OG0014134	1	1	2
OG0014135	1	1	2
OG0014136	1	1	2
OG0014137	1	1	2
OG0014138	1	1	2
OG0014139	1	1	2
OG0014140	1	1	2
OG0014141	1	1	2
OG0014142	2	0	2
OG0014143	1	1	2
OG0014144	1	1	2
OG0014145	1	1	2
OG0014146	1	1	2
OG0014147	1	1	2
OG0014148	1	1	2
OG0014149	1	1	2
OG0014150	2	0	2
OG0014151	1	1	2
OG0014152	1	1	2
OG0014153	1	1	2
OG0014154	1	1	2
OG0014155	1	1	2
OG0014156	2	0	2
OG0014157	1	1	2
OG0014158	1	1	2
OG0014159	1	1	2
OG0014160	1	1	2
OG0014161	1	1	2
OG0014162	2	0	2
OG0014163	1	1	2
OG0014164	1	1	2
OG0014165	1	1	2
OG0014166	1	1	2
OG0014167	1	1	2
OG0014168	1	1	2
OG0014169	1	1	2
OG0014170	1	1	2
OG0014171	1	1	2
OG0014172	1	1	2
OG0014173	1	1	2
OG0014174	1	1	2
OG0014175	1	1	2
OG0014176	1	1	2
OG0014177	1	1	2
OG0014178	1	1	2
OG0014179	1	1	2
OG0014180	2	0	2
OG0014181	1	1	2
OG0014182	2	0	2
OG0014183	1	1	2
OG0014184	1	1	2
OG0014185	1	1	2
OG0014186	1	1	2
OG0014187	1	1	2
OG0014188	1	1	2
OG0014189	1	1	2
OG0014190	1	1	2
OG0014191	1	1	2
OG0014192	2	0	2
OG0014193	1	1	2
OG0014194	1	1	2
OG0014195	1	1	2
OG0014196	1	1	2
OG0014197	2	0	2
OG0014198	1	1	2
OG0014199	1	1	2
OG0014200	1	1	2
OG0014201	1	1	2
OG0014202	1	1	2
OG0014203	1	1	2
OG0014204	2	0	2
OG0014205	2	0	2
OG0014206	1	1	2
OG0014207	1	1	2
OG0014208	1	1	2
OG0014209	1	1	2
OG0014210	1	1	2
OG0014211	1	1	2
OG0014212	1	1	2
OG0014213	1	1	2
OG0014214	1	1	2
OG0014215	1	1	2
OG0014216	1	1	2
OG0014217	1	1	2
OG0014218	1	1	2
OG0014219	1	1	2
OG0014220	1	1	2
OG0014221	1	1	2
OG0014222	1	1	2
OG0014223	1	1	2
OG0014224	2	0	2
OG0014225	1	1	2
OG0014226	2	0	2
OG0014227	1	1	2
OG0014228	1	1	2
OG0014229	1	1	2
OG0014230	2	0	2
OG0014231	1	1	2
OG0014232	2	0	2
OG0014233	1	1	2
OG0014234	2	0	2
OG0014235	2	0	2
OG0014236	1	1	2
OG0014237	1	1	2
OG0014238	2	0	2
OG0014239	2	0	2
OG0014240	1	1	2
OG0014241	2	0	2
OG0014242	2	0	2
OG0014243	2	0	2
OG0014244	1	1	2
OG0014245	2	0	2
OG0014246	1	1	2
OG0014247	1	1	2
OG0014248	1	1	2
OG0014249	1	1	2
OG0014250	1	1	2
OG0014251	1	1	2
OG0014252	1	1	2
OG0014253	1	1	2
OG0014254	1	1	2
OG0014255	1	1	2
OG0014256	1	1	2
OG0014257	1	1	2
OG0014258	1	1	2
OG0014259	1	1	2
OG0014260	1	1	2
OG0014261	1	1	2
OG0014262	1	1	2
OG0014263	1	1	2
OG0014264	1	1	2
OG0014265	1	1	2
OG0014266	1	1	2
OG0014267	1	1	2
OG0014268	1	1	2
OG0014269	1	1	2
OG0014270	1	1	2
OG0014271	1	1	2
OG0014272	1	1	2
OG0014273	1	1	2
OG0014274	1	1	2
OG0014275	1	1	2
OG0014276	1	1	2
OG0014277	1	1	2
OG0014278	1	1	2
OG0014279	2	0	2
OG0014280	1	1	2
OG0014281	1	1	2
OG0014282	1	1	2
OG0014283	1	1	2
OG0014284	1	1	2
OG0014285	1	1	2
OG0014286	1	1	2
OG0014287	2	0	2
OG0014288	1	1	2
OG0014289	1	1	2
OG0014290	2	0	2
OG0014291	1	1	2
OG0014292	1	1	2
OG0014293	1	1	2
OG0014294	2	0	2
OG0014295	1	1	2
OG0014296	1	1	2
OG0014297	1	1	2
OG0014298	1	1	2
OG0014299	1	1	2
OG0014300	1	1	2
OG0014301	1	1	2
OG0014302	1	1	2
OG0014303	1	1	2
OG0014304	1	1	2
OG0014305	1	1	2
OG0014306	1	1	2
OG0014307	1	1	2
OG0014308	1	1	2
OG0014309	2	0	2
OG0014310	1	1	2
OG0014311	1	1	2
OG0014312	1	1	2
OG0014313	1	1	2
OG0014314	1	1	2
OG0014315	1	1	2
OG0014316	1	1	2
OG0014317	1	1	2
OG0014318	1	1	2
OG0014319	1	1	2
OG0014320	1	1	2
OG0014321	2	0	2
OG0014322	1	1	2
OG0014323	1	1	2
OG0014324	1	1	2
OG0014325	1	1	2
OG0014326	1	1	2
OG0014327	1	1	2
OG0014328	1	1	2
OG0014329	1	1	2
OG0014330	1	1	2
OG0014331	1	1	2
OG0014332	1	1	2
OG0014333	1	1	2
OG0014334	1	1	2
OG0014335	1	1	2
OG0014336	2	0	2
OG0014337	2	0	2
OG0014338	1	1	2
OG0014339	1	1	2
OG0014340	1	1	2
OG0014341	1	1	2
OG0014342	1	1	2
OG0014343	1	1	2
OG0014344	1	1	2
OG0014345	1	1	2
OG0014346	1	1	2
OG0014347	1	1	2
OG0014348	1	1	2
OG0014349	1	1	2
OG0014350	1	1	2
OG0014351	2	0	2
OG0014352	2	0	2
OG0014353	1	1	2
OG0014354	1	1	2
OG0014355	1	1	2
OG0014356	1	1	2
OG0014357	1	1	2
OG0014358	2	0	2
OG0014359	1	1	2
OG0014360	1	1	2
OG0014361	1	1	2
OG0014362	1	1	2
OG0014363	1	1	2
OG0014364	1	1	2
OG0014365	1	1	2
OG0014366	1	1	2
OG0014367	1	1	2
OG0014368	1	1	2
OG0014369	1	1	2
OG0014370	1	1	2
OG0014371	1	1	2
OG0014372	1	1	2
OG0014373	2	0	2
OG0014374	2	0	2
OG0014375	2	0	2
OG0014376	1	1	2
OG0014377	1	1	2
OG0014378	2	0	2
OG0014379	1	1	2
OG0014380	1	1	2
OG0014381	1	1	2
OG0014382	1	1	2
OG0014383	1	1	2
OG0014384	2	0	2
OG0014385	2	0	2
OG0014386	1	1	2
OG0014387	1	1	2
OG0014388	2	0	2
OG0014389	1	1	2
OG0014390	1	1	2
OG0014391	1	1	2
OG0014392	1	1	2
OG0014393	1	1	2
OG0014394	1	1	2
OG0014395	1	1	2
OG0014396	2	0	2
OG0014397	1	1	2
OG0014398	2	0	2
OG0014399	1	1	2
OG0014400	1	1	2
OG0014401	1	1	2
OG0014402	1	1	2
OG0014403	2	0	2
OG0014404	1	1	2
OG0014405	1	1	2
OG0014406	1	1	2
OG0014407	1	1	2
OG0014408	1	1	2
OG0014409	1	1	2
OG0014410	1	1	2
OG0014411	2	0	2
OG0014412	2	0	2
OG0014413	2	0	2
OG0014414	1	1	2
OG0014415	2	0	2
OG0014416	1	1	2
OG0014417	2	0	2
OG0014418	2	0	2
OG0014419	2	0	2
OG0014420	1	1	2
OG0014421	1	1	2
OG0014422	1	1	2
OG0014423	2	0	2
OG0014424	1	1	2
OG0014425	1	1	2
OG0014426	1	1	2
OG0014427	1	1	2
OG0014428	1	1	2
OG0014429	1	1	2
OG0014430	1	1	2
OG0014431	1	1	2
OG0014432	2	0	2
OG0014433	1	1	2
OG0014434	2	0	2
OG0014435	2	0	2
OG0014436	2	0	2
OG0014437	1	1	2
OG0014438	1	1	2
OG0014439	1	1	2
OG0014440	1	1	2
OG0014441	1	1	2
OG0014442	1	1	2
OG0014443	1	1	2
OG0014444	1	1	2
OG0014445	1	1	2
OG0014446	1	1	2
OG0014447	1	1	2
OG0014448	1	1	2
OG0014449	1	1	2
OG0014450	2	0	2
OG0014451	1	1	2
OG0014452	1	1	2
OG0014453	2	0	2
OG0014454	1	1	2
OG0014455	2	0	2
OG0014456	1	1	2
OG0014457	2	0	2
OG0014458	1	1	2
OG0014459	1	1	2
OG0014460	1	1	2
OG0014461	1	1	2
OG0014462	1	1	2
OG0014463	1	1	2
OG0014464	1	1	2
OG0014465	1	1	2
OG0014466	1	1	2
OG0014467	1	1	2
OG0014468	1	1	2
OG0014469	1	1	2
OG0014470	1	1	2
OG0014471	1	1	2
OG0014472	1	1	2
OG0014473	1	1	2
OG0014474	1	1	2
OG0014475	1	1	2
OG0014476	1	1	2
OG0014477	1	1	2
OG0014478	1	1	2
OG0014479	1	1	2
OG0014480	1	1	2
OG0014481	1	1	2
OG0014482	2	0	2
OG0014483	1	1	2
OG0014484	1	1	2
OG0014485	1	1	2
OG0014486	1	1	2
OG0014487	1	1	2
OG0014488	1	1	2
OG0014489	1	1	2
OG0014490	1	1	2
OG0014491	1	1	2
OG0014492	1	1	2
OG0014493	1	1	2
OG0014494	1	1	2
OG0014495	2	0	2
OG0014496	2	0	2
OG0014497	1	1	2
OG0014498	1	1	2
OG0014499	1	1	2
OG0014500	1	1	2
OG0014501	1	1	2
OG0014502	2	0	2
OG0014503	1	1	2
OG0014504	1	1	2
OG0014505	2	0	2
OG0014506	1	1	2
OG0014507	1	1	2
OG0014508	1	1	2
OG0014509	1	1	2
OG0014510	1	1	2
OG0014511	1	1	2
OG0014512	1	1	2
OG0014513	1	1	2
OG0014514	2	0	2
OG0014515	1	1	2
OG0014516	1	1	2
OG0014517	1	1	2
OG0014518	1	1	2
OG0014519	1	1	2
OG0014520	1	1	2
OG0014521	1	1	2
OG0014522	1	1	2
OG0014523	1	1	2
OG0014524	1	1	2
OG0014525	1	1	2
OG0014526	2	0	2
OG0014527	1	1	2
OG0014528	1	1	2
OG0014529	2	0	2
OG0014530	1	1	2
OG0014531	1	1	2
OG0014532	1	1	2
OG0014533	2	0	2
OG0014534	2	0	2
OG0014535	1	1	2
OG0014536	2	0	2
OG0014537	1	1	2
OG0014538	1	1	2
OG0014539	1	1	2
OG0014540	1	1	2
OG0014541	1	1	2
OG0014542	2	0	2
OG0014543	1	1	2
OG0014544	1	1	2
OG0014545	1	1	2
OG0014546	1	1	2
OG0014547	1	1	2
OG0014548	1	1	2
OG0014549	2	0	2
OG0014550	1	1	2
OG0014551	1	1	2
OG0014552	1	1	2
OG0014553	1	1	2
OG0014554	1	1	2
OG0014555	1	1	2
OG0014556	1	1	2
OG0014557	1	1	2
OG0014558	1	1	2
OG0014559	1	1	2
OG0014560	2	0	2
OG0014561	2	0	2
OG0014562	1	1	2
OG0014563	1	1	2
OG0014564	1	1	2
OG0014565	2	0	2
OG0014566	1	1	2
OG0014567	1	1	2
OG0014568	1	1	2
OG0014569	1	1	2
OG0014570	1	1	2
OG0014571	1	1	2
OG0014572	1	1	2
OG0014573	1	1	2
OG0014574	1	1	2
OG0014575	2	0	2
OG0014576	1	1	2
OG0014577	1	1	2
OG0014578	1	1	2
OG0014579	1	1	2
OG0014580	1	1	2
OG0014581	1	1	2
OG0014582	1	1	2
OG0014583	1	1	2
OG0014584	1	1	2
OG0014585	1	1	2
OG0014586	1	1	2
OG0014587	2	0	2
OG0014588	1	1	2
OG0014589	2	0	2
OG0014590	1	1	2
OG0014591	1	1	2
OG0014592	1	1	2
OG0014593	1	1	2
OG0014594	2	0	2
OG0014595	1	1	2
OG0014596	1	1	2
OG0014597	2	0	2
OG0014598	1	1	2
OG0014599	1	1	2
OG0014600	1	1	2
OG0014601	1	1	2
OG0014602	2	0	2
OG0014603	1	1	2
OG0014604	1	1	2
OG0014605	1	1	2
OG0014606	1	1	2
OG0014607	1	1	2
OG0014608	1	1	2
OG0014609	1	1	2
OG0014610	1	1	2
OG0014611	1	1	2
OG0014612	1	1	2
OG0014613	2	0	2
OG0014614	1	1	2
OG0014615	1	1	2
OG0014616	2	0	2
OG0014617	2	0	2
OG0014618	2	0	2
OG0014619	1	1	2
OG0014620	1	1	2
OG0014621	2	0	2
OG0014622	2	0	2
OG0014623	1	1	2
OG0014624	1	1	2
OG0014625	1	1	2
OG0014626	1	1	2
OG0014627	1	1	2
OG0014628	1	1	2
OG0014629	1	1	2
OG0014630	1	1	2
OG0014631	2	0	2
OG0014632	1	1	2
OG0014633	1	1	2
OG0014634	1	1	2
OG0014635	1	1	2
OG0014636	2	0	2
OG0014637	2	0	2
OG0014638	1	1	2
OG0014639	2	0	2
OG0014640	1	1	2
OG0014641	1	1	2
OG0014642	2	0	2
OG0014643	1	1	2
OG0014644	1	1	2
OG0014645	1	1	2
OG0014646	2	0	2
OG0014647	1	1	2
OG0014648	1	1	2
OG0014649	1	1	2
OG0014650	1	1	2
OG0014651	1	1	2
OG0014652	1	1	2
OG0014653	1	1	2
OG0014654	1	1	2
OG0014655	1	1	2
OG0014656	2	0	2
OG0014657	1	1	2
OG0014658	1	1	2
OG0014659	1	1	2
OG0014660	1	1	2
OG0014661	1	1	2
OG0014662	1	1	2
OG0014663	2	0	2
OG0014664	1	1	2
OG0014665	1	1	2
OG0014666	1	1	2
OG0014667	2	0	2
OG0014668	1	1	2
OG0014669	1	1	2
OG0014670	1	1	2
OG0014671	1	1	2
OG0014672	1	1	2
OG0014673	1	1	2
OG0014674	1	1	2
OG0014675	1	1	2
OG0014676	2	0	2
OG0014677	1	1	2
OG0014678	1	1	2
OG0014679	1	1	2
OG0014680	1	1	2
OG0014681	1	1	2
OG0014682	1	1	2
OG0014683	1	1	2
OG0014684	1	1	2
OG0014685	1	1	2
OG0014686	2	0	2
OG0014687	2	0	2
OG0014688	1	1	2
OG0014689	1	1	2
OG0014690	1	1	2
OG0014691	1	1	2
OG0014692	1	1	2
OG0014693	1	1	2
OG0014694	1	1	2
OG0014695	1	1	2
OG0014696	1	1	2
OG0014697	1	1	2
OG0014698	1	1	2
OG0014699	1	1	2
OG0014700	2	0	2
OG0014701	1	1	2
OG0014702	1	1	2
OG0014703	1	1	2
OG0014704	1	1	2
OG0014705	2	0	2
OG0014706	2	0	2
OG0014707	1	1	2
OG0014708	1	1	2
OG0014709	1	1	2
OG0014710	1	1	2
OG0014711	1	1	2
OG0014712	1	1	2
OG0014713	1	1	2
OG0014714	1	1	2
OG0014715	1	1	2
OG0014716	1	1	2
OG0014717	1	1	2
OG0014718	2	0	2
OG0014719	1	1	2
OG0014720	1	1	2
OG0014721	1	1	2
OG0014722	1	1	2
OG0014723	1	1	2
OG0014724	1	1	2
OG0014725	1	1	2
OG0014726	1	1	2
OG0014727	2	0	2
OG0014728	1	1	2
OG0014729	1	1	2
OG0014730	1	1	2
OG0014731	2	0	2
OG0014732	1	1	2
OG0014733	1	1	2
OG0014734	1	1	2
OG0014735	2	0	2
OG0014736	1	1	2
OG0014737	1	1	2
OG0014738	1	1	2
OG0014739	1	1	2
OG0014740	1	1	2
OG0014741	1	1	2
OG0014742	1	1	2
OG0014743	2	0	2
OG0014744	2	0	2
OG0014745	1	1	2
OG0014746	2	0	2
OG0014747	1	1	2
OG0014748	1	1	2
OG0014749	1	1	2
OG0014750	1	1	2
OG0014751	1	1	2
OG0014752	1	1	2
OG0014753	1	1	2
OG0014754	2	0	2
OG0014755	1	1	2
OG0014756	1	1	2
OG0014757	2	0	2
OG0014758	1	1	2
OG0014759	1	1	2
OG0014760	1	1	2
OG0014761	1	1	2
OG0014762	1	1	2
OG0014763	2	0	2
OG0014764	1	1	2
OG0014765	1	1	2
OG0014766	2	0	2
OG0014767	2	0	2
OG0014768	1	1	2
OG0014769	1	1	2
OG0014770	1	1	2
OG0014771	1	1	2
OG0014772	1	1	2
OG0014773	2	0	2
OG0014774	1	1	2
OG0014775	1	1	2
OG0014776	2	0	2
OG0014777	1	1	2
OG0014778	2	0	2
OG0014779	1	1	2
OG0014780	2	0	2
OG0014781	2	0	2
OG0014782	2	0	2
OG0014783	2	0	2
OG0014784	1	1	2
OG0014785	2	0	2
OG0014786	1	1	2
OG0014787	1	1	2
OG0014788	1	1	2
OG0014789	1	1	2
OG0014790	1	1	2
OG0014791	1	1	2
OG0014792	1	1	2
OG0014793	2	0	2
OG0014794	1	1	2
OG0014795	1	1	2
OG0014796	2	0	2
OG0014797	1	1	2
OG0014798	1	1	2
OG0014799	1	1	2
OG0014800	1	1	2
OG0014801	1	1	2
OG0014802	1	1	2
OG0014803	1	1	2
OG0014804	2	0	2
OG0014805	2	0	2
OG0014806	1	1	2
OG0014807	1	1	2
OG0014808	1	1	2
OG0014809	1	1	2
OG0014810	1	1	2
OG0014811	1	1	2
OG0014812	1	1	2
OG0014813	1	1	2
OG0014814	1	1	2
OG0014815	1	1	2
OG0014816	1	1	2
OG0014817	1	1	2
OG0014818	1	1	2
OG0014819	1	1	2
OG0014820	1	1	2
OG0014821	1	1	2
OG0014822	1	1	2
OG0014823	1	1	2
OG0014824	1	1	2
OG0014825	1	1	2
OG0014826	1	1	2
OG0014827	1	1	2
OG0014828	1	1	2
OG0014829	1	1	2
OG0014830	1	1	2
OG0014831	1	1	2
OG0014832	1	1	2
OG0014833	1	1	2
OG0014834	1	1	2
OG0014835	2	0	2
OG0014836	2	0	2
OG0014837	1	1	2
OG0014838	1	1	2
OG0014839	1	1	2
OG0014840	2	0	2
OG0014841	1	1	2
OG0014842	1	1	2
OG0014843	1	1	2
OG0014844	1	1	2
OG0014845	1	1	2
OG0014846	1	1	2
OG0014847	1	1	2
OG0014848	1	1	2
OG0014849	1	1	2
OG0014850	1	1	2
OG0014851	1	1	2
OG0014852	1	1	2
OG0014853	1	1	2
OG0014854	1	1	2
OG0014855	1	1	2
OG0014856	1	1	2
OG0014857	1	1	2
OG0014858	1	1	2
OG0014859	2	0	2
OG0014860	1	1	2
OG0014861	1	1	2
OG0014862	2	0	2
OG0014863	1	1	2
OG0014864	1	1	2
OG0014865	1	1	2
OG0014866	1	1	2
OG0014867	1	1	2
OG0014868	1	1	2
OG0014869	1	1	2
OG0014870	1	1	2
OG0014871	1	1	2
OG0014872	1	1	2
OG0014873	1	1	2
OG0014874	1	1	2
OG0014875	1	1	2
OG0014876	2	0	2
OG0014877	1	1	2
OG0014878	1	1	2
OG0014879	1	1	2
OG0014880	1	1	2
OG0014881	1	1	2
OG0014882	1	1	2
OG0014883	1	1	2
OG0014884	1	1	2
OG0014885	2	0	2
OG0014886	1	1	2
OG0014887	1	1	2
OG0014888	2	0	2
OG0014889	1	1	2
OG0014890	1	1	2
OG0014891	1	1	2
OG0014892	2	0	2
OG0014893	1	1	2
OG0014894	2	0	2
OG0014895	1	1	2
OG0014896	1	1	2
OG0014897	1	1	2
OG0014898	2	0	2
OG0014899	1	1	2
OG0014900	2	0	2
OG0014901	1	1	2
OG0014902	1	1	2
OG0014903	1	1	2
OG0014904	2	0	2
OG0014905	2	0	2
OG0014906	1	1	2
OG0014907	1	1	2
OG0014908	1	1	2
OG0014909	1	1	2
OG0014910	1	1	2
OG0014911	1	1	2
OG0014912	1	1	2
OG0014913	1	1	2
OG0014914	1	1	2
OG0014915	2	0	2
OG0014916	1	1	2
OG0014917	1	1	2
OG0014918	1	1	2
OG0014919	1	1	2
OG0014920	1	1	2
OG0014921	1	1	2
OG0014922	1	1	2
OG0014923	1	1	2
OG0014924	1	1	2
OG0014925	1	1	2
OG0014926	1	1	2
OG0014927	1	1	2
OG0014928	1	1	2
OG0014929	1	1	2
OG0014930	1	1	2
OG0014931	1	1	2
OG0014932	1	1	2
OG0014933	1	1	2
OG0014934	1	1	2
OG0014935	1	1	2
OG0014936	2	0	2
OG0014937	1	1	2
OG0014938	1	1	2
OG0014939	1	1	2
OG0014940	1	1	2
OG0014941	1	1	2
OG0014942	2	0	2
OG0014943	2	0	2
OG0014944	1	1	2
OG0014945	1	1	2
OG0014946	1	1	2
OG0014947	1	1	2
OG0014948	1	1	2
OG0014949	2	0	2
OG0014950	1	1	2
OG0014951	2	0	2
OG0014952	1	1	2
OG0014953	1	1	2
OG0014954	1	1	2
OG0014955	1	1	2
OG0014956	2	0	2
OG0014957	1	1	2
OG0014958	1	1	2
OG0014959	1	1	2
OG0014960	1	1	2
OG0014961	1	1	2
OG0014962	1	1	2
OG0014963	2	0	2
OG0014964	1	1	2
OG0014965	1	1	2
OG0014966	1	1	2
OG0014967	1	1	2
OG0014968	1	1	2
OG0014969	1	1	2
OG0014970	1	1	2
OG0014971	1	1	2
OG0014972	1	1	2
OG0014973	1	1	2
OG0014974	2	0	2
OG0014975	1	1	2
OG0014976	1	1	2
OG0014977	1	1	2
OG0014978	1	1	2
OG0014979	1	1	2
OG0014980	1	1	2
OG0014981	2	0	2
OG0014982	2	0	2
OG0014983	2	0	2
OG0014984	2	0	2
OG0014985	1	1	2
OG0014986	1	1	2
OG0014987	1	1	2
OG0014988	1	1	2
OG0014989	1	1	2
OG0014990	1	1	2
OG0014991	2	0	2
OG0014992	2	0	2
OG0014993	1	1	2
OG0014994	2	0	2
OG0014995	1	1	2
OG0014996	2	0	2
OG0014997	1	1	2
OG0014998	1	1	2
OG0014999	1	1	2
OG0015000	1	1	2
OG0015001	2	0	2
OG0015002	1	1	2
OG0015003	1	1	2
OG0015004	2	0	2
OG0015005	1	1	2
OG0015006	1	1	2
OG0015007	1	1	2
OG0015008	1	1	2
OG0015009	1	1	2
OG0015010	1	1	2
OG0015011	1	1	2
OG0015012	1	1	2
OG0015013	2	0	2
OG0015014	1	1	2
OG0015015	1	1	2
OG0015016	1	1	2
OG0015017	1	1	2
OG0015018	1	1	2
OG0015019	1	1	2
OG0015020	1	1	2
OG0015021	1	1	2
OG0015022	1	1	2
OG0015023	1	1	2
OG0015024	1	1	2
OG0015025	1	1	2
OG0015026	1	1	2
OG0015027	2	0	2
OG0015028	2	0	2
OG0015029	1	1	2
OG0015030	1	1	2
OG0015031	1	1	2
OG0015032	1	1	2
OG0015033	1	1	2
OG0015034	1	1	2
OG0015035	2	0	2
OG0015036	1	1	2
OG0015037	1	1	2
OG0015038	1	1	2
OG0015039	2	0	2
OG0015040	1	1	2
OG0015041	1	1	2
OG0015042	1	1	2
OG0015043	2	0	2
OG0015044	1	1	2
OG0015045	1	1	2
OG0015046	1	1	2
OG0015047	2	0	2
OG0015048	1	1	2
OG0015049	1	1	2
OG0015050	1	1	2
OG0015051	1	1	2
OG0015052	1	1	2
OG0015053	1	1	2
OG0015054	2	0	2
OG0015055	1	1	2
OG0015056	1	1	2
OG0015057	2	0	2
OG0015058	1	1	2
OG0015059	1	1	2
OG0015060	1	1	2
OG0015061	1	1	2
OG0015062	2	0	2
OG0015063	1	1	2
OG0015064	2	0	2
OG0015065	1	1	2
OG0015066	1	1	2
OG0015067	1	1	2
OG0015068	1	1	2
OG0015069	1	1	2
OG0015070	1	1	2
OG0015071	1	1	2
OG0015072	1	1	2
OG0015073	1	1	2
OG0015074	1	1	2
OG0015075	2	0	2
OG0015076	1	1	2
OG0015077	2	0	2
OG0015078	1	1	2
OG0015079	1	1	2
OG0015080	1	1	2
OG0015081	1	1	2
OG0015082	1	1	2
OG0015083	1	1	2
OG0015084	1	1	2
OG0015085	2	0	2
OG0015086	1	1	2
OG0015087	1	1	2
OG0015088	1	1	2
OG0015089	1	1	2
OG0015090	1	1	2
OG0015091	1	1	2
OG0015092	1	1	2
OG0015093	1	1	2
OG0015094	2	0	2
OG0015095	1	1	2
OG0015096	1	1	2
OG0015097	1	1	2
OG0015098	1	1	2
OG0015099	1	1	2
OG0015100	1	1	2
OG0015101	1	1	2
OG0015102	1	1	2
OG0015103	1	1	2
OG0015104	1	1	2
OG0015105	1	1	2
OG0015106	1	1	2
OG0015107	1	1	2
OG0015108	1	1	2
OG0015109	1	1	2
OG0015110	1	1	2
OG0015111	2	0	2
OG0015112	1	1	2
OG0015113	2	0	2
OG0015114	2	0	2
OG0015115	1	1	2
OG0015116	1	1	2
OG0015117	1	1	2
OG0015118	2	0	2
OG0015119	1	1	2
OG0015120	2	0	2
OG0015121	1	1	2
OG0015122	1	1	2
OG0015123	1	1	2
OG0015124	1	1	2
OG0015125	2	0	2
OG0015126	1	1	2
OG0015127	1	1	2
OG0015128	1	1	2
OG0015129	1	1	2
OG0015130	1	1	2
OG0015131	1	1	2
OG0015132	1	1	2
OG0015133	2	0	2
OG0015134	1	1	2
OG0015135	1	1	2
OG0015136	1	1	2
OG0015137	1	1	2
OG0015138	1	1	2
OG0015139	1	1	2
OG0015140	1	1	2
OG0015141	1	1	2
OG0015142	1	1	2
OG0015143	1	1	2
OG0015144	2	0	2
OG0015145	1	1	2
OG0015146	1	1	2
OG0015147	1	1	2
OG0015148	1	1	2
OG0015149	1	1	2
OG0015150	1	1	2
OG0015151	1	1	2
OG0015152	1	1	2
OG0015153	1	1	2
OG0015154	1	1	2
OG0015155	1	1	2
OG0015156	1	1	2
OG0015157	1	1	2
OG0015158	1	1	2
OG0015159	1	1	2
OG0015160	1	1	2
OG0015161	1	1	2
OG0015162	1	1	2
OG0015163	1	1	2
OG0015164	2	0	2
OG0015165	1	1	2
OG0015166	1	1	2
OG0015167	1	1	2
OG0015168	1	1	2
OG0015169	1	1	2
OG0015170	1	1	2
OG0015171	1	1	2
OG0015172	1	1	2
OG0015173	1	1	2
OG0015174	2	0	2
OG0015175	1	1	2
OG0015176	1	1	2
OG0015177	1	1	2
OG0015178	1	1	2
OG0015179	1	1	2
OG0015180	1	1	2
OG0015181	1	1	2
OG0015182	1	1	2
OG0015183	1	1	2
OG0015184	1	1	2
OG0015185	1	1	2
OG0015186	1	1	2
OG0015187	2	0	2
OG0015188	1	1	2
OG0015189	1	1	2
OG0015190	2	0	2
OG0015191	1	1	2
OG0015192	1	1	2
OG0015193	1	1	2
OG0015194	1	1	2
OG0015195	1	1	2
OG0015196	1	1	2
OG0015197	1	1	2
OG0015198	1	1	2
OG0015199	1	1	2
OG0015200	1	1	2
OG0015201	1	1	2
OG0015202	1	1	2
OG0015203	1	1	2
OG0015204	1	1	2
OG0015205	1	1	2
OG0015206	1	1	2
OG0015207	1	1	2
OG0015208	1	1	2
OG0015209	2	0	2
OG0015210	1	1	2
OG0015211	1	1	2
OG0015212	1	1	2
OG0015213	1	1	2
OG0015214	1	1	2
OG0015215	1	1	2
OG0015216	1	1	2
OG0015217	1	1	2
OG0015218	1	1	2
OG0015219	1	1	2
OG0015220	1	1	2
OG0015221	1	1	2
OG0015222	1	1	2
OG0015223	1	1	2
OG0015224	1	1	2
OG0015225	1	1	2
OG0015226	1	1	2
OG0015227	1	1	2
OG0015228	1	1	2
OG0015229	1	1	2
OG0015230	2	0	2
OG0015231	1	1	2
OG0015232	1	1	2
OG0015233	1	1	2
OG0015234	1	1	2
OG0015235	1	1	2
OG0015236	1	1	2
OG0015237	1	1	2
OG0015238	1	1	2
OG0015239	2	0	2
OG0015240	1	1	2
OG0015241	1	1	2
OG0015242	1	1	2
OG0015243	1	1	2
OG0015244	1	1	2
OG0015245	1	1	2
OG0015246	1	1	2
OG0015247	1	1	2
OG0015248	1	1	2
OG0015249	1	1	2
OG0015250	1	1	2
OG0015251	1	1	2
OG0015252	1	1	2
OG0015253	1	1	2
OG0015254	1	1	2
OG0015255	1	1	2
OG0015256	1	1	2
OG0015257	1	1	2
OG0015258	1	1	2
OG0015259	1	1	2
OG0015260	2	0	2
OG0015261	1	1	2
OG0015262	1	1	2
OG0015263	1	1	2
OG0015264	1	1	2
OG0015265	1	1	2
OG0015266	1	1	2
OG0015267	1	1	2
OG0015268	1	1	2
OG0015269	1	1	2
OG0015270	1	1	2
OG0015271	1	1	2
OG0015272	1	1	2
OG0015273	1	1	2
OG0015274	1	1	2
OG0015275	1	1	2
OG0015276	1	1	2
OG0015277	1	1	2
OG0015278	1	1	2
OG0015279	1	1	2
OG0015280	1	1	2
OG0015281	1	1	2
OG0015282	1	1	2
OG0015283	1	1	2
OG0015284	1	1	2
OG0015285	1	1	2
OG0015286	1	1	2
OG0015287	2	0	2
OG0015288	1	1	2
OG0015289	1	1	2
OG0015290	1	1	2
OG0015291	2	0	2
OG0015292	1	1	2
OG0015293	1	1	2
OG0015294	1	1	2
OG0015295	1	1	2
OG0015296	1	1	2
OG0015297	1	1	2
OG0015298	1	1	2
OG0015299	1	1	2
OG0015300	1	1	2
OG0015301	1	1	2
OG0015302	1	1	2
OG0015303	1	1	2
OG0015304	1	1	2
OG0015305	1	1	2
OG0015306	1	1	2
OG0015307	1	1	2
OG0015308	1	1	2
OG0015309	1	1	2
OG0015310	1	1	2
OG0015311	1	1	2
OG0015312	1	1	2
OG0015313	1	1	2
OG0015314	1	1	2
OG0015315	1	1	2
OG0015316	1	1	2
OG0015317	1	1	2
OG0015318	2	0	2
OG0015319	1	1	2
OG0015320	1	1	2
OG0015321	1	1	2
OG0015322	1	1	2
OG0015323	1	1	2
OG0015324	1	1	2
OG0015325	1	1	2
OG0015326	1	1	2
OG0015327	1	1	2
OG0015328	2	0	2
OG0015329	1	1	2
OG0015330	1	1	2
OG0015331	1	1	2
OG0015332	1	1	2
OG0015333	1	1	2
OG0015334	1	1	2
OG0015335	1	1	2
OG0015336	1	1	2
OG0015337	1	1	2
OG0015338	1	1	2
OG0015339	1	1	2
OG0015340	1	1	2
OG0015341	1	1	2
OG0015342	1	1	2
OG0015343	1	1	2
OG0015344	1	1	2
OG0015345	1	1	2
OG0015346	1	1	2
OG0015347	1	1	2
OG0015348	1	1	2
OG0015349	1	1	2
OG0015350	1	1	2
OG0015351	1	1	2
OG0015352	1	1	2
OG0015353	1	1	2
OG0015354	1	1	2
OG0015355	1	1	2
OG0015356	1	1	2
OG0015357	1	1	2
OG0015358	1	1	2
OG0015359	1	1	2
OG0015360	1	1	2
OG0015361	1	1	2
OG0015362	1	1	2
OG0015363	1	1	2
OG0015364	1	1	2
OG0015365	1	1	2
OG0015366	1	1	2
OG0015367	1	1	2
OG0015368	1	1	2
OG0015369	1	1	2
OG0015370	1	1	2
OG0015371	1	1	2
OG0015372	1	1	2
OG0015373	1	1	2
OG0015374	1	1	2
OG0015375	1	1	2
OG0015376	1	1	2
OG0015377	1	1	2
OG0015378	1	1	2
OG0015379	1	1	2
OG0015380	1	1	2
OG0015381	1	1	2
OG0015382	1	1	2
OG0015383	1	1	2
OG0015384	1	1	2
OG0015385	1	1	2
OG0015386	2	0	2
OG0015387	1	1	2
OG0015388	1	1	2
OG0015389	1	1	2
OG0015390	1	1	2
OG0015391	1	1	2
OG0015392	1	1	2
OG0015393	1	1	2
OG0015394	2	0	2
OG0015395	1	1	2
OG0015396	2	0	2
OG0015397	1	1	2
OG0015398	1	1	2
OG0015399	1	1	2
OG0015400	1	1	2
OG0015401	1	1	2
OG0015402	1	1	2
OG0015403	1	1	2
OG0015404	1	1	2
OG0015405	1	1	2
OG0015406	1	1	2
OG0015407	1	1	2
OG0015408	1	1	2
OG0015409	1	1	2
OG0015410	1	1	2
OG0015411	1	1	2
OG0015412	2	0	2
OG0015413	1	1	2
OG0015414	1	1	2
OG0015415	1	1	2
OG0015416	1	1	2
OG0015417	1	1	2
OG0015418	1	1	2
OG0015419	1	1	2
OG0015420	1	1	2
OG0015421	1	1	2
OG0015422	1	1	2
OG0015423	1	1	2
OG0015424	1	1	2
OG0015425	1	1	2
OG0015426	1	1	2
OG0015427	1	1	2
OG0015428	2	0	2
OG0015429	1	1	2
OG0015430	1	1	2
OG0015431	1	1	2
OG0015432	2	0	2
OG0015433	1	1	2
OG0015434	1	1	2
OG0015435	1	1	2
OG0015436	1	1	2
OG0015437	2	0	2
OG0015438	1	1	2
OG0015439	1	1	2
OG0015440	1	1	2
OG0015441	1	1	2
OG0015442	1	1	2
OG0015443	1	1	2
OG0015444	1	1	2
OG0015445	1	1	2
OG0015446	1	1	2
OG0015447	1	1	2
OG0015448	1	1	2
OG0015449	1	1	2
OG0015450	1	1	2
OG0015451	1	1	2
OG0015452	1	1	2
OG0015453	1	1	2
OG0015454	1	1	2
OG0015455	1	1	2
OG0015456	1	1	2
OG0015457	1	1	2
OG0015458	1	1	2
OG0015459	1	1	2
OG0015460	1	1	2
OG0015461	1	1	2
OG0015462	1	1	2
OG0015463	1	1	2
OG0015464	1	1	2
OG0015465	1	1	2
OG0015466	1	1	2
OG0015467	1	1	2
OG0015468	1	1	2
OG0015469	1	1	2
OG0015470	1	1	2
OG0015471	1	1	2
OG0015472	1	1	2
OG0015473	1	1	2
OG0015474	1	1	2
OG0015475	1	1	2
OG0015476	1	1	2
OG0015477	1	1	2
OG0015478	1	1	2
OG0015479	1	1	2
OG0015480	1	1	2
OG0015481	1	1	2
OG0015482	1	1	2
OG0015483	1	1	2
OG0015484	1	1	2
OG0015485	1	1	2
OG0015486	1	1	2
OG0015487	1	1	2
OG0015488	1	1	2
OG0015489	1	1	2
OG0015490	1	1	2
OG0015491	1	1	2
OG0015492	2	0	2
OG0015493	1	1	2
OG0015494	1	1	2
OG0015495	1	1	2
OG0015496	1	1	2
OG0015497	1	1	2
OG0015498	1	1	2
OG0015499	1	1	2
OG0015500	1	1	2
OG0015501	1	1	2
OG0015502	1	1	2
OG0015503	1	1	2
OG0015504	1	1	2
OG0015505	1	1	2
OG0015506	1	1	2
OG0015507	1	1	2
OG0015508	1	1	2
OG0015509	1	1	2
OG0015510	1	1	2
OG0015511	1	1	2
OG0015512	1	1	2
OG0015513	1	1	2
OG0015514	1	1	2
OG0015515	1	1	2
OG0015516	1	1	2
OG0015517	1	1	2
OG0015518	1	1	2
OG0015519	1	1	2
OG0015520	1	1	2
OG0015521	1	1	2
OG0015522	1	1	2
OG0015523	1	1	2
OG0015524	1	1	2
OG0015525	1	1	2
OG0015526	1	1	2
OG0015527	1	1	2
OG0015528	1	1	2
OG0015529	1	1	2
OG0015530	2	0	2
OG0015531	1	1	2
OG0015532	1	1	2
OG0015533	1	1	2
OG0015534	1	1	2
OG0015535	1	1	2
OG0015536	1	1	2
OG0015537	1	1	2
OG0015538	1	1	2
OG0015539	1	1	2
OG0015540	2	0	2
OG0015541	1	1	2
OG0015542	1	1	2
OG0015543	1	1	2
OG0015544	1	1	2
OG0015545	1	1	2
OG0015546	1	1	2
OG0015547	2	0	2
OG0015548	1	1	2
OG0015549	1	1	2
OG0015550	1	1	2
OG0015551	1	1	2
OG0015552	1	1	2
OG0015553	1	1	2
OG0015554	1	1	2
OG0015555	1	1	2
OG0015556	1	1	2
OG0015557	1	1	2
OG0015558	1	1	2
OG0015559	1	1	2
OG0015560	1	1	2
OG0015561	1	1	2
OG0015562	1	1	2
OG0015563	1	1	2
OG0015564	1	1	2
OG0015565	1	1	2
OG0015566	1	1	2
OG0015567	1	1	2
OG0015568	1	1	2
OG0015569	1	1	2
OG0015570	1	1	2
OG0015571	1	1	2
OG0015572	1	1	2
OG0015573	1	1	2
OG0015574	1	1	2
OG0015575	1	1	2
OG0015576	1	1	2
OG0015577	1	1	2
OG0015578	1	1	2
OG0015579	1	1	2
OG0015580	1	1	2
OG0015581	1	1	2
OG0015582	1	1	2
OG0015583	1	1	2
OG0015584	1	1	2
OG0015585	1	1	2
OG0015586	1	1	2
OG0015587	1	1	2
OG0015588	1	1	2
OG0015589	1	1	2
OG0015590	1	1	2
OG0015591	1	1	2
OG0015592	2	0	2
OG0015593	1	1	2
OG0015594	1	1	2
OG0015595	1	1	2
OG0015596	1	1	2
OG0015597	1	1	2
OG0015598	1	1	2
OG0015599	1	1	2
OG0015600	1	1	2
OG0015601	1	1	2
OG0015602	1	1	2
OG0015603	1	1	2
OG0015604	2	0	2
OG0015605	1	1	2
OG0015606	1	1	2
OG0015607	1	1	2
OG0015608	1	1	2
OG0015609	1	1	2
OG0015610	1	1	2
OG0015611	1	1	2
OG0015612	1	1	2
OG0015613	1	1	2
OG0015614	1	1	2
OG0015615	1	1	2
OG0015616	1	1	2
OG0015617	1	1	2
OG0015618	1	1	2
OG0015619	1	1	2
OG0015620	1	1	2
OG0015621	1	1	2
OG0015622	1	1	2
OG0015623	1	1	2
OG0015624	1	1	2
OG0015625	1	1	2
OG0015626	1	1	2
OG0015627	1	1	2
OG0015628	2	0	2
OG0015629	1	1	2
OG0015630	1	1	2
OG0015631	1	1	2
OG0015632	1	1	2
OG0015633	1	1	2
OG0015634	1	1	2
OG0015635	1	1	2
OG0015636	1	1	2
OG0015637	1	1	2
OG0015638	1	1	2
OG0015639	1	1	2
OG0015640	1	1	2
OG0015641	2	0	2
OG0015642	1	1	2
OG0015643	1	1	2
OG0015644	1	1	2
OG0015645	1	1	2
OG0015646	1	1	2
OG0015647	1	1	2
OG0015648	1	1	2
OG0015649	1	1	2
OG0015650	1	1	2
OG0015651	1	1	2
OG0015652	1	1	2
OG0015653	1	1	2
OG0015654	1	1	2
OG0015655	1	1	2
OG0015656	2	0	2
OG0015657	1	1	2
OG0015658	1	1	2
OG0015659	1	1	2
OG0015660	1	1	2
OG0015661	1	1	2
OG0015662	1	1	2
OG0015663	1	1	2
OG0015664	1	1	2
OG0015665	1	1	2
OG0015666	1	1	2
OG0015667	1	1	2
OG0015668	1	1	2
OG0015669	1	1	2
OG0015670	1	1	2
OG0015671	1	1	2
OG0015672	1	1	2
OG0015673	1	1	2
OG0015674	1	1	2
OG0015675	1	1	2
OG0015676	1	1	2
OG0015677	1	1	2
OG0015678	1	1	2
OG0015679	1	1	2
OG0015680	1	1	2
OG0015681	1	1	2
OG0015682	1	1	2
OG0015683	1	1	2
OG0015684	1	1	2
OG0015685	1	1	2
OG0015686	1	1	2
OG0015687	1	1	2
OG0015688	1	1	2
OG0015689	1	1	2
OG0015690	1	1	2
OG0015691	2	0	2
OG0015692	1	1	2
OG0015693	1	1	2
OG0015694	1	1	2
OG0015695	1	1	2
OG0015696	1	1	2
OG0015697	1	1	2
OG0015698	2	0	2
OG0015699	1	1	2
OG0015700	1	1	2
OG0015701	1	1	2
OG0015702	1	1	2
OG0015703	1	1	2
OG0015704	1	1	2
OG0015705	1	1	2
OG0015706	1	1	2
OG0015707	1	1	2
OG0015708	1	1	2
OG0015709	1	1	2
OG0015710	1	1	2
OG0015711	1	1	2
OG0015712	1	1	2
OG0015713	1	1	2
OG0015714	1	1	2
OG0015715	1	1	2
OG0015716	1	1	2
OG0015717	1	1	2
OG0015718	1	1	2
OG0015719	1	1	2
OG0015720	1	1	2
OG0015721	1	1	2
OG0015722	1	1	2
OG0015723	1	1	2
OG0015724	1	1	2
OG0015725	1	1	2
OG0015726	1	1	2
OG0015727	1	1	2
OG0015728	1	1	2
OG0015729	1	1	2
OG0015730	1	1	2
OG0015731	1	1	2
OG0015732	1	1	2
OG0015733	1	1	2
OG0015734	1	1	2
OG0015735	1	1	2
OG0015736	1	1	2
OG0015737	1	1	2
OG0015738	1	1	2
OG0015739	1	1	2
OG0015740	1	1	2
OG0015741	1	1	2
OG0015742	1	1	2
OG0015743	1	1	2
OG0015744	1	1	2
OG0015745	1	1	2
OG0015746	1	1	2
OG0015747	1	1	2
OG0015748	1	1	2
OG0015749	1	1	2
OG0015750	1	1	2
OG0015751	1	1	2
OG0015752	1	1	2
OG0015753	1	1	2
OG0015754	1	1	2
OG0015755	1	1	2
OG0015756	1	1	2
OG0015757	1	1	2
OG0015758	1	1	2
OG0015759	1	1	2
OG0015760	1	1	2
OG0015761	1	1	2
OG0015762	1	1	2
OG0015763	1	1	2
OG0015764	1	1	2
OG0015765	1	1	2
OG0015766	1	1	2
OG0015767	1	1	2
OG0015768	1	1	2
OG0015769	1	1	2
OG0015770	1	1	2
OG0015771	1	1	2
OG0015772	1	1	2
OG0015773	1	1	2
OG0015774	1	1	2
OG0015775	1	1	2
OG0015776	1	1	2
OG0015777	1	1	2
OG0015778	1	1	2
OG0015779	1	1	2
OG0015780	1	1	2
OG0015781	2	0	2
OG0015782	1	1	2
OG0015783	1	1	2
OG0015784	1	1	2
OG0015785	1	1	2
OG0015786	1	1	2
OG0015787	1	1	2
OG0015788	1	1	2
OG0015789	1	1	2
OG0015790	1	1	2
OG0015791	2	0	2
OG0015792	1	1	2
OG0015793	1	1	2
OG0015794	1	1	2
OG0015795	1	1	2
OG0015796	1	1	2
OG0015797	1	1	2
OG0015798	1	1	2
OG0015799	1	1	2
OG0015800	1	1	2
OG0015801	1	1	2
OG0015802	1	1	2
OG0015803	1	1	2
OG0015804	1	1	2
OG0015805	1	1	2
OG0015806	1	1	2
OG0015807	1	1	2
OG0015808	1	1	2
OG0015809	1	1	2
OG0015810	1	1	2
OG0015811	1	1	2
OG0015812	1	1	2
OG0015813	1	1	2
OG0015814	1	1	2
OG0015815	1	1	2
OG0015816	1	1	2
OG0015817	1	1	2
OG0015818	1	1	2
OG0015819	1	1	2
OG0015820	2	0	2
OG0015821	2	0	2
OG0015822	1	1	2
OG0015823	1	1	2
OG0015824	1	1	2
OG0015825	1	1	2
OG0015826	1	1	2
OG0015827	1	1	2
OG0015828	1	1	2
OG0015829	1	1	2
OG0015830	1	1	2
OG0015831	1	1	2
OG0015832	1	1	2
OG0015833	1	1	2
OG0015834	1	1	2
OG0015835	1	1	2
OG0015836	1	1	2
OG0015837	1	1	2
OG0015838	1	1	2
OG0015839	1	1	2
OG0015840	1	1	2
OG0015841	1	1	2
OG0015842	1	1	2
OG0015843	1	1	2
OG0015844	2	0	2
OG0015845	2	0	2
OG0015846	1	1	2
OG0015847	1	1	2
OG0015848	1	1	2
OG0015849	1	1	2
OG0015850	1	1	2
OG0015851	1	1	2
OG0015852	1	1	2
OG0015853	1	1	2
OG0015854	1	1	2
OG0015855	1	1	2
OG0015856	2	0	2
OG0015857	1	1	2
OG0015858	1	1	2
OG0015859	1	1	2
OG0015860	1	1	2
OG0015861	1	1	2
OG0015862	1	1	2
OG0015863	1	1	2
OG0015864	1	1	2
OG0015865	1	1	2
OG0015866	1	1	2
OG0015867	1	1	2
OG0015868	2	0	2
OG0015869	1	1	2
OG0015870	1	1	2
OG0015871	1	1	2
OG0015872	1	1	2
OG0015873	1	1	2
OG0015874	1	1	2
OG0015875	1	1	2
OG0015876	1	1	2
OG0015877	1	1	2
OG0015878	1	1	2
OG0015879	1	1	2
OG0015880	2	0	2
OG0015881	1	1	2
OG0015882	1	1	2
OG0015883	1	1	2
OG0015884	1	1	2
OG0015885	1	1	2
OG0015886	1	1	2
OG0015887	1	1	2
OG0015888	1	1	2
OG0015889	1	1	2
OG0015890	1	1	2
OG0015891	1	1	2
OG0015892	1	1	2
OG0015893	1	1	2
OG0015894	1	1	2
OG0015895	1	1	2
OG0015896	1	1	2
OG0015897	1	1	2
OG0015898	1	1	2
OG0015899	1	1	2
OG0015900	1	1	2
OG0015901	1	1	2
OG0015902	1	1	2
OG0015903	1	1	2
OG0015904	1	1	2
OG0015905	1	1	2
OG0015906	1	1	2
OG0015907	1	1	2
OG0015908	1	1	2
OG0015909	1	1	2
OG0015910	1	1	2
OG0015911	1	1	2
OG0015912	1	1	2
OG0015913	1	1	2
OG0015914	1	1	2
OG0015915	1	1	2
OG0015916	1	1	2
OG0015917	1	1	2
OG0015918	1	1	2
OG0015919	1	1	2
OG0015920	1	1	2
OG0015921	1	1	2
OG0015922	1	1	2
OG0015923	1	1	2
OG0015924	1	1	2
OG0015925	1	1	2
OG0015926	1	1	2
OG0015927	1	1	2
OG0015928	2	0	2
OG0015929	1	1	2
OG0015930	1	1	2
OG0015931	1	1	2
OG0015932	1	1	2
OG0015933	1	1	2
OG0015934	1	1	2
OG0015935	1	1	2
OG0015936	1	1	2
OG0015937	1	1	2
OG0015938	1	1	2
OG0015939	1	1	2
OG0015940	2	0	2
OG0015941	1	1	2
OG0015942	1	1	2
OG0015943	1	1	2
OG0015944	1	1	2
OG0015945	1	1	2
OG0015946	1	1	2
OG0015947	1	1	2
OG0015948	1	1	2
OG0015949	1	1	2
OG0015950	1	1	2
OG0015951	1	1	2
OG0015952	1	1	2
OG0015953	1	1	2
OG0015954	1	1	2
OG0015955	1	1	2
OG0015956	1	1	2
OG0015957	1	1	2
OG0015958	1	1	2
OG0015959	1	1	2
OG0015960	1	1	2
OG0015961	1	1	2
OG0015962	1	1	2
OG0015963	1	1	2
OG0015964	1	1	2
OG0015965	1	1	2
OG0015966	1	1	2
OG0015967	1	1	2
OG0015968	1	1	2
OG0015969	1	1	2
OG0015970	1	1	2
OG0015971	1	1	2
OG0015972	1	1	2
OG0015973	1	1	2
OG0015974	1	1	2
OG0015975	1	1	2
OG0015976	1	1	2
OG0015977	1	1	2
OG0015978	1	1	2
OG0015979	1	1	2
OG0015980	1	1	2
OG0015981	1	1	2
OG0015982	1	1	2
OG0015983	1	1	2
OG0015984	1	1	2
OG0015985	1	1	2
OG0015986	1	1	2
OG0015987	1	1	2
OG0015988	1	1	2
OG0015989	1	1	2
OG0015990	1	1	2
OG0015991	1	1	2
OG0015992	1	1	2
OG0015993	1	1	2
OG0015994	1	1	2
OG0015995	2	0	2
OG0015996	1	1	2
OG0015997	1	1	2
OG0015998	1	1	2
OG0015999	1	1	2
OG0016000	1	1	2
OG0016001	1	1	2
OG0016002	1	1	2
OG0016003	1	1	2
OG0016004	1	1	2
OG0016005	1	1	2
OG0016006	1	1	2
OG0016007	1	1	2
OG0016008	1	1	2
OG0016009	1	1	2
OG0016010	1	1	2
OG0016011	1	1	2
OG0016012	1	1	2
OG0016013	1	1	2
OG0016014	1	1	2
OG0016015	1	1	2
OG0016016	1	1	2
OG0016017	1	1	2
OG0016018	2	0	2
OG0016019	1	1	2
OG0016020	1	1	2
OG0016021	1	1	2
OG0016022	1	1	2
OG0016023	1	1	2
OG0016024	1	1	2
OG0016025	1	1	2
OG0016026	1	1	2
OG0016027	1	1	2
OG0016028	1	1	2
OG0016029	1	1	2
OG0016030	1	1	2
OG0016031	1	1	2
OG0016032	1	1	2
OG0016033	1	1	2
OG0016034	1	1	2
OG0016035	1	1	2
OG0016036	1	1	2
OG0016037	0	2	2
OG0016038	0	2	2
OG0016039	0	2	2
OG0016040	0	2	2
OG0016041	0	2	2
OG0016042	0	2	2
OG0016043	0	2	2
OG0016044	0	2	2
OG0016045	0	2	2
OG0016046	0	2	2
OG0016047	0	2	2
OG0016048	0	2	2
OG0016049	0	2	2
OG0016050	0	2	2
OG0016051	0	2	2
OG0016052	0	2	2
OG0016053	0	2	2
OG0016054	0	2	2
OG0016055	0	2	2
OG0016056	0	2	2
OG0016057	0	2	2
OG0016058	0	2	2
OG0016059	0	2	2
OG0016060	0	2	2
OG0016061	0	2	2
OG0016062	0	2	2
OG0016063	0	2	2
OG0016064	0	2	2
OG0016065	0	2	2
OG0016066	0	2	2
OG0016067	0	2	2
OG0016068	0	2	2
OG0016069	0	2	2
OG0016070	0	2	2
OG0016071	0	2	2
OG0016072	0	2	2
OG0016073	0	2	2
OG0016074	0	2	2
OG0016075	0	2	2
OG0016076	0	2	2
OG0016077	0	2	2
OG0016078	0	2	2
OG0016079	0	2	2
OG0016080	0	2	2
OG0016081	0	2	2
OG0016082	0	2	2
OG0016083	0	2	2
OG0016084	0	2	2
OG0016085	0	2	2
OG0016086	0	2	2
OG0016087	0	2	2
OG0016088	0	2	2
OG0016089	0	2	2
OG0016090	0	2	2
OG0016091	0	2	2
OG0016092	0	2	2
OG0016093	0	2	2
OG0016094	0	2	2
OG0016095	0	2	2
OG0016096	0	2	2
OG0016097	0	2	2
OG0016098	0	2	2
OG0016099	0	2	2
OG0016100	0	2	2
OG0016101	0	2	2
OG0016102	0	2	2
OG0016103	0	2	2
OG0016104	0	2	2
OG0016105	0	2	2
OG0016106	0	2	2
OG0016107	0	2	2
OG0016108	0	2	2
OG0016109	0	2	2
OG0016110	0	2	2
OG0016111	0	2	2
OG0016112	0	2	2
OG0016113	0	2	2
OG0016114	0	2	2
OG0016115	0	2	2
OG0016116	0	2	2
OG0016117	0	2	2
OG0016118	0	2	2
OG0016119	0	2	2
OG0016120	0	2	2
OG0016121	0	2	2
OG0016122	0	2	2
OG0016123	0	2	2
OG0016124	0	2	2
OG0016125	0	2	2
OG0016126	0	2	2
OG0016127	0	2	2
OG0016128	0	2	2
OG0016129	0	2	2
OG0016130	0	2	2
OG0016131	0	2	2
OG0016132	0	2	2
OG0016133	0	2	2
OG0016134	0	2	2
OG0016135	0	2	2
OG0016136	0	2	2
OG0016137	0	2	2
OG0016138	0	2	2
OG0016139	0	2	2
OG0016140	0	2	2
OG0016141	0	2	2
OG0016142	0	2	2
OG0016143	0	2	2
OG0016144	0	2	2
OG0016145	0	2	2
OG0016146	0	2	2
OG0016147	0	2	2
OG0016148	0	2	2
OG0016149	0	2	2
OG0016150	0	2	2
OG0016151	0	2	2
OG0016152	0	2	2
OG0016153	0	2	2
OG0016154	0	2	2
OG0016155	0	2	2
OG0016156	0	2	2
OG0016157	0	2	2
OG0016158	0	2	2
OG0016159	0	2	2
OG0016160	0	2	2
OG0016161	0	2	2
OG0016162	0	2	2
OG0016163	0	2	2
OG0016164	0	2	2
OG0016165	0	2	2
OG0016166	0	2	2
OG0016167	0	2	2
OG0016168	0	2	2
OG0016169	0	2	2
OG0016170	0	2	2
OG0016171	0	2	2
OG0016172	0	2	2
OG0016173	0	2	2
OG0016174	0	2	2
OG0016175	0	2	2
OG0016176	0	2	2
OG0016177	0	2	2
OG0016178	0	2	2
OG0016179	0	2	2
OG0016180	0	2	2
OG0016181	0	2	2
OG0016182	0	2	2
OG0016183	0	2	2
OG0016184	0	2	2
OG0016185	0	2	2
OG0016186	0	2	2
OG0016187	0	2	2
OG0016188	0	2	2
OG0016189	0	2	2
OG0016190	0	2	2
OG0016191	0	2	2
OG0016192	0	2	2
OG0016193	0	2	2
OG0016194	0	2	2
OG0016195	0	2	2
OG0016196	0	2	2
OG0016197	0	2	2
OG0016198	0	2	2
OG0016199	0	2	2
OG0016200	0	2	2
OG0016201	0	2	2
OG0016202	0	2	2
OG0016203	0	2	2
OG0016204	0	2	2
OG0016205	0	2	2
OG0016206	0	2	2
OG0016207	0	2	2
OG0016208	0	2	2
OG0016209	0	2	2
OG0016210	0	2	2
OG0016211	0	2	2
OG0016212	0	2	2
OG0016213	0	2	2
OG0016214	0	2	2
OG0016215	0	2	2
OG0016216	0	2	2
OG0016217	0	2	2
OG0016218	0	2	2
OG0016219	0	2	2
OG0016220	0	2	2
OG0016221	0	2	2
OG0016222	0	2	2
OG0016223	0	2	2
OG0016224	0	2	2
OG0016225	0	2	2
OG0016226	0	2	2
OG0016227	0	2	2
OG0016228	0	2	2
OG0016229	0	2	2
OG0016230	0	2	2
OG0016231	0	2	2
OG0016232	0	2	2
OG0016233	0	2	2
OG0016234	0	2	2
OG0016235	0	2	2
OG0016236	0	2	2
OG0016237	0	2	2
OG0016238	0	2	2
OG0016239	0	2	2
OG0016240	0	2	2
OG0016241	0	2	2
OG0016242	0	2	2
OG0016243	0	2	2
OG0016244	0	2	2
OG0016245	0	2	2
OG0016246	0	2	2
OG0016247	0	2	2
OG0016248	0	2	2
OG0016249	0	2	2
OG0016250	0	2	2
OG0016251	0	2	2
OG0016252	0	2	2
OG0016253	0	2	2
OG0016254	0	2	2
OG0016255	0	2	2
OG0016256	0	2	2
OG0016257	0	2	2
OG0016258	0	2	2
OG0016259	0	2	2
OG0016260	0	2	2
OG0016261	0	2	2
OG0016262	0	2	2
OG0016263	0	2	2
OG0016264	0	2	2
OG0016265	0	2	2
OG0016266	0	2	2
OG0016267	0	2	2
OG0016268	0	2	2
OG0016269	0	2	2
OG0016270	0	2	2
OG0016271	0	2	2
OG0016272	0	2	2
OG0016273	0	2	2
OG0016274	0	2	2
OG0016275	0	2	2
OG0016276	0	2	2
OG0016277	0	2	2
OG0016278	0	2	2
OG0016279	0	2	2
OG0016280	0	2	2
OG0016281	0	2	2
OG0016282	0	2	2
OG0016283	0	2	2
OG0016284	0	2	2
OG0016285	0	2	2
OG0016286	0	2	2
OG0016287	0	2	2
OG0016288	0	2	2
OG0016289	0	2	2
OG0016290	0	2	2
OG0016291	0	2	2
OG0016292	0	2	2
OG0016293	0	2	2
OG0016294	0	2	2
OG0016295	0	2	2
OG0016296	0	2	2
OG0016297	0	2	2
OG0016298	0	2	2
OG0016299	0	2	2
OG0016300	0	2	2
OG0016301	0	2	2
OG0016302	0	2	2
OG0016303	0	2	2
OG0016304	0	2	2
OG0016305	0	2	2
OG0016306	0	2	2
OG0016307	0	2	2
OG0016308	0	2	2
OG0016309	0	2	2
OG0016310	0	2	2
OG0016311	0	2	2
OG0016312	0	2	2
OG0016313	0	2	2
OG0016314	0	2	2
OG0016315	0	2	2
OG0016316	0	2	2
OG0016317	0	2	2
OG0016318	0	2	2
OG0016319	0	2	2
OG0016320	0	2	2
OG0016321	0	2	2
OG0016322	0	2	2
OG0016323	0	2	2
OG0016324	0	2	2
OG0016325	0	2	2
OG0016326	0	2	2
OG0016327	0	2	2
OG0016328	0	2	2
OG0016329	0	2	2
OG0016330	0	2	2
OG0016331	0	2	2
OG0016332	0	2	2
OG0016333	0	2	2
OG0016334	0	2	2
OG0016335	0	2	2
OG0016336	0	2	2
OG0016337	0	2	2
OG0016338	0	2	2
OG0016339	0	2	2
OG0016340	0	2	2
OG0016341	0	2	2
OG0016342	0	2	2
OG0016343	0	2	2
OG0016344	0	2	2
OG0016345	0	2	2
OG0016346	0	2	2
OG0016347	0	2	2
OG0016348	0	2	2
OG0016349	0	2	2
OG0016350	0	2	2
OG0016351	0	2	2
OG0016352	0	2	2
OG0016353	0	2	2
OG0016354	0	2	2
OG0016355	0	2	2
OG0016356	0	2	2
OG0016357	0	2	2
OG0016358	0	2	2
OG0016359	0	2	2
OG0016360	0	2	2
OG0016361	0	2	2
OG0016362	0	2	2
OG0016363	0	2	2
OG0016364	0	2	2
OG0016365	0	2	2
OG0016366	0	2	2
OG0016367	0	2	2
OG0016368	0	2	2
OG0016369	0	2	2
OG0016370	0	2	2
OG0016371	0	2	2
OG0016372	0	2	2
OG0016373	0	2	2
OG0016374	0	2	2
OG0016375	0	2	2
OG0016376	0	2	2
OG0016377	0	2	2
OG0016378	0	2	2
OG0016379	0	2	2
OG0016380	0	2	2
OG0016381	0	2	2
OG0016382	0	2	2
OG0016383	0	2	2
OG0016384	0	2	2
OG0016385	0	2	2
OG0016386	0	2	2
OG0016387	0	2	2
OG0016388	0	2	2
OG0016389	0	2	2
OG0016390	0	2	2
OG0016391	0	2	2
OG0016392	0	2	2
OG0016393	0	2	2
OG0016394	0	2	2
OG0016395	0	2	2
OG0016396	0	2	2
OG0016397	0	2	2
OG0016398	0	2	2
OG0016399	0	2	2
OG0016400	0	2	2
OG0016401	0	2	2
OG0016402	0	2	2
OG0016403	0	2	2
OG0016404	0	2	2
OG0016405	0	2	2
OG0016406	0	2	2
OG0016407	0	2	2
OG0016408	0	2	2
OG0016409	0	2	2
OG0016410	0	2	2
OG0016411	0	2	2
OG0016412	0	2	2
OG0016413	0	2	2
OG0016414	0	2	2
OG0016415	0	2	2
OG0016416	0	2	2
OG0016417	0	2	2
OG0016418	0	2	2
OG0016419	0	2	2
OG0016420	0	2	2
OG0016421	0	2	2
OG0016422	0	2	2
OG0016423	0	2	2
OG0016424	0	2	2
OG0016425	0	2	2
OG0016426	0	2	2
OG0016427	0	2	2
OG0016428	0	2	2
OG0016429	0	2	2
OG0016430	0	2	2
OG0016431	0	2	2
OG0016432	0	2	2
OG0016433	0	2	2
OG0016434	0	2	2
OG0016435	0	2	2
OG0016436	0	2	2
OG0016437	0	2	2
OG0016438	0	2	2
OG0016439	0	2	2
OG0016440	0	2	2
OG0016441	0	2	2
OG0016442	0	2	2
OG0016443	0	2	2
OG0016444	0	2	2
OG0016445	0	2	2
OG0016446	0	2	2
OG0016447	0	2	2
OG0016448	0	2	2
OG0016449	0	2	2
OG0016450	0	2	2
OG0016451	0	2	2
OG0016452	0	2	2
OG0016453	0	2	2
OG0016454	0	2	2
OG0016455	0	2	2
OG0016456	0	2	2
OG0016457	0	2	2
OG0016458	0	2	2
OG0016459	0	2	2
OG0016460	0	2	2
OG0016461	0	2	2
OG0016462	0	2	2
OG0016463	0	2	2
OG0016464	0	2	2
OG0016465	0	2	2
OG0016466	0	2	2
OG0016467	0	2	2
OG0016468	0	2	2
OG0016469	0	2	2
OG0016470	0	2	2
OG0016471	0	2	2
OG0016472	0	2	2
OG0016473	0	2	2
OG0016474	0	2	2
OG0016475	0	2	2
OG0016476	0	2	2
OG0016477	0	2	2
OG0016478	0	2	2
OG0016479	0	2	2
OG0016480	0	2	2
OG0016481	0	2	2
OG0016482	0	2	2
OG0016483	0	2	2
OG0016484	0	2	2
OG0016485	0	2	2
OG0016486	0	2	2
OG0016487	0	2	2
OG0016488	0	2	2
OG0016489	0	2	2
OG0016490	0	2	2
OG0016491	0	2	2
OG0016492	0	2	2
OG0016493	0	2	2
OG0016494	0	2	2
OG0016495	0	2	2
OG0016496	0	2	2
OG0016497	0	2	2
OG0016498	0	2	2
OG0016499	0	2	2
OG0016500	0	2	2
OG0016501	0	2	2
OG0016502	0	2	2
OG0016503	0	2	2
OG0016504	0	2	2
OG0016505	0	2	2
OG0016506	0	2	2
OG0016507	0	2	2
OG0016508	0	2	2
OG0016509	0	2	2
OG0016510	0	2	2
OG0016511	0	2	2
OG0016512	0	2	2
OG0016513	0	2	2
OG0016514	0	2	2
OG0016515	0	2	2
OG0016516	0	2	2
OG0016517	0	2	2
OG0016518	0	2	2
OG0016519	0	2	2
OG0016520	0	2	2
OG0016521	0	2	2
OG0016522	0	2	2
OG0016523	0	2	2
OG0016524	0	2	2
OG0016525	0	2	2
OG0016526	0	2	2
OG0016527	0	2	2
OG0016528	0	2	2
OG0016529	0	2	2
OG0016530	0	2	2
OG0016531	0	2	2
OG0016532	0	2	2
OG0016533	0	2	2
OG0016534	0	2	2
OG0016535	0	2	2
OG0016536	0	2	2
OG0016537	0	2	2
OG0016538	0	2	2
OG0016539	0	2	2
OG0016540	0	2	2
OG0016541	0	2	2
OG0016542	0	2	2
OG0016543	0	2	2
OG0016544	0	2	2
OG0016545	0	2	2
OG0016546	0	2	2
OG0016547	0	2	2
OG0016548	0	2	2
OG0016549	0	2	2
OG0016550	0	2	2
OG0016551	0	2	2
OG0016552	0	2	2
OG0016553	0	2	2
OG0016554	0	2	2
OG0016555	0	2	2
OG0016556	0	2	2
OG0016557	0	2	2
OG0016558	0	2	2
OG0016559	0	2	2
OG0016560	0	2	2
OG0016561	0	2	2
OG0016562	0	2	2
OG0016563	0	2	2
OG0016564	0	2	2
OG0016565	0	2	2
OG0016566	0	2	2
OG0016567	0	2	2
OG0016568	0	2	2
OG0016569	0	2	2
OG0016570	0	2	2
OG0016571	0	2	2
OG0016572	0	2	2
OG0016573	0	2	2
OG0016574	0	2	2
OG0016575	0	2	2
OG0016576	0	2	2
OG0016577	0	2	2
OG0016578	0	2	2
OG0016579	0	2	2
OG0016580	0	2	2
OG0016581	0	2	2
OG0016582	0	2	2
OG0016583	0	2	2
OG0016584	0	2	2
OG0016585	0	2	2
OG0016586	0	2	2
OG0016587	0	2	2
OG0016588	0	2	2
OG0016589	0	2	2
OG0016590	0	2	2
OG0016591	0	2	2
OG0016592	0	2	2
OG0016593	0	2	2
OG0016594	0	2	2
OG0016595	0	2	2
OG0016596	0	2	2
OG0016597	0	2	2
OG0016598	0	2	2
OG0016599	0	2	2
OG0016600	0	2	2
OG0016601	0	2	2
OG0016602	0	2	2
OG0016603	0	2	2
OG0016604	0	2	2
OG0016605	0	2	2
OG0016606	0	2	2
OG0016607	0	2	2
OG0016608	0	2	2
OG0016609	0	2	2
OG0016610	0	2	2
OG0016611	0	2	2
OG0016612	0	2	2
OG0016613	0	2	2
OG0016614	0	2	2
OG0016615	0	2	2
OG0016616	0	2	2
OG0016617	0	2	2
OG0016618	0	2	2
OG0016619	0	2	2
OG0016620	0	2	2
OG0016621	0	2	2
OG0016622	0	2	2
OG0016623	0	2	2
OG0016624	0	2	2
OG0016625	0	2	2
OG0016626	0	2	2
OG0016627	0	2	2
OG0016628	0	2	2
OG0016629	0	2	2
OG0016630	0	2	2
OG0016631	0	2	2
OG0016632	0	2	2
OG0016633	0	2	2
OG0016634	0	2	2
OG0016635	0	2	2
OG0016636	0	2	2
OG0016637	0	2	2
OG0016638	0	2	2
OG0016639	0	2	2
OG0016640	0	2	2
OG0016641	0	2	2
OG0016642	0	2	2
OG0016643	0	2	2
OG0016644	0	2	2
OG0016645	0	2	2
OG0016646	0	2	2
OG0016647	0	2	2
OG0016648	0	2	2
OG0016649	0	2	2
OG0016650	0	2	2
OG0016651	0	2	2
OG0016652	0	2	2
OG0016653	0	2	2
OG0016654	0	2	2
OG0016655	0	2	2
OG0016656	0	2	2
OG0016657	0	2	2
OG0016658	0	2	2
OG0016659	0	2	2
OG0016660	0	2	2
OG0016661	0	2	2
OG0016662	0	2	2
OG0016663	0	2	2
OG0016664	0	2	2
